1111111101101111
1111111011011100
0000000011101101
0000000010111101
1111111101110100
1111111110110110
0000000010111101
1111111011111000
0000000001000100
1111111101110001
1111111100011010
0000000001011000
0000000001100111
1111111010010100
1111111000110010
1111111101101001
1111111100101011
0000000001111010
0000000011011110
0000000101101111
0000000011010001
0000000001011011
0000000110000111
1111111101011111
1111111110010010
1111111110000010
1111111100111101
0000000011000000
1111111111101110
0000000001010101
0000000011110100
0000000011101100
1111111010011010
1111111110110001
0000000110010011
1111111110000001
1111111011011100
0000000010010110
0000000101010011
1111111110011001
0000000000000100
1111111101101110
1111111101000111
0000000001101100
1111111101000101
1111111011010101
1111111110101011
0000000101000000
0000000001101011
1111111111000000
1111111101011011
1111111111101100
0000000000110001
1111111011101000
0000000011000101
1111111101001110
1111111111000110
1111111011010011
1111111110011011
1111111101011010
1111111111000111
0000000010100011
0000000000110111
0000000001000000
1111111010110101
0000000001110101
1111111101001101
0000000010011011
0000000011101011
0000000010001111
1111111110000110
0000000010011010
1111111110000110
0000000011000000
1111111110101000
0000000000011000
1111111100010111
0000000100010011
0000000011000010
0000000110001100
0000000000010000
1111111000111010
1111111111111000
0000000100100000
0000000010001010
1111111010101001
1111111110110001
1111111101101101
0000000101001001
0000000101101110
1111111101010101
1111111101000110
0000000000110001
0000000001111110
1111111110001011
0000000000101111
1111111110000111
1111111101011010
0000000100010000
1111111101010101
0000000010100110
1111111011001010
1111111111011110
1111111110010011
0000000001010101
0000000011001010
1111111010100101
0000000001000100
1111111011010111
1111111111101000
0000000000100100
0000000000111100
0000000000011100
1111111010001110
0000000000101011
1111111111101001
1111111101011111
1111111111010100
1111111100000000
1111111101111001
0000000011000000
0000000101001001
0000000010001110
1111111101001100
0000000010101111
1111111111010001
1111111100110110
0000000000110011
1111111111110101
1111111011011000
1111111001111011
0000000011110100
1111111101100111
0000000100100000
0000000011000100
1111111101101001
1111111011111011
0000000000110001
0000000000110001
0000000000011110
0000000011110011
0000000001110010
1111111100101110
1111111110111011
1111111110100111
0000000011001000
1111111101010111
0000000000100110
0000000000010000
0000000000100001
1111111110011101
0000000001100010
0000000011000110
1111111110010001
0000000001011000
1111111100000101
0000000010101100
0000000001100011
1111111110001100
1111111110001101
0000000101011001
0000000011001111
1111111111101101
1111111110101101
0000000100101100
1111111101111011
0000000011100111
1111111100101001
1111111011010011
0000000100000000
0000000001001001
0000000000101010
0000000001001111
1111111000111000
0000000001100110
0000000001100010
0000000000000001
0000000001101100
1111111111000101
0000000110011100
1111111101001100
1111111101110111
1111111110010011
0000000000101010
1111111110101011
0000000001101111
1111111110000001
1111111100010000
1111111101001110
1111111100010111
1111111110100110
1111111001000000
0000000100010001
0000000000111110
0000000110000101
1111111101100011
0000000011000110
0000000010111010
1111111100111010
0000000010010101
0000000001100011
0000000001111111
0000000001011101
1111111111101000
0000000001010110
1111111110010100
1111111111000101
0000000001011001
1111111100101001
0000000010011111
1111111000001001
1111111111101110
1111111110001001
1111111011100001
1111111110110101
0000000010100010
0000000001100100
0000000111001010
1111111111001001
0000000000011001
0000000000101000
1111111011000001
0000000011100110
0000000000100010
0000000000111110
1111111111011011
1111111111110000
1111111011011001
1111111100011110
0000000000101011
1111111101101110
1111111110010100
1111111111101010
0000000010010010
1111111100000000
0000000101101010
0000000001111101
1111111110101000
1111111100011001
1111111110101011
0000000100000000
0000000001111100
1111111111111101
1111111101001001
1111111011110100
0000000001001110
1111111101111111
0000000000110111
1111111001111010
1111111111000001
1111111110000101
0000000100001101
1111111011101100
1111111101001111
1111111000110101
1111111101011110
0000000001011001
1111111011101101
0000000011101111
1111111111110001
0000000110110111
0000000001001000
0000000000110101
0000000010101001
1111111011010100
0000000010001001
0000000000101010
0000000110000100
0000000011001011
0000000010110011
0000000011011110
0000000010101110
1111111110110000
0000000000010101
0000000000100011
1111111011000010
0000000101111110
1111111110010110
1111111101111011
0000000000001110
1111111111011001
1111111110000100
1111111111011111
1111111101100101
1111111111101100
0000000101000101
1111111010000000
0000000001010011
0000000001000001
1111111011011001
1111111110110000
1111111100111101
1111111111111010
1111111011010100
1111111111011110
0000000011100010
1111111111100010
0000000001100101
1111111111100101
1111111111010001
0000000011110010
0000000100100101
0000000010010111
1111111101101111
1111111111100010
1111111010000010
1111111010011111
1111111111110101
1111111110110000
0000000011000110
1111111101010000
1111111110110111
0000000001101100
0000000011011011
1111111111000010
0000000011101101
1111111100010010
0000000000111111
1111111111001000
1111111111101100
1111111011101000
1111111010011010
0000000010010010
0000000000100010
1111111100101100
0000000011100000
1111111100001011
1111111101001100
0000000011010001
1111111101101000
1111111100011010
1111111111110101
1111111111101111
1111111111001101
1111111101110110
1111111101100000
1111111100100101
1111111110001011
0000000011100011
0000000000001001
0000000010110110
1111111011000001
0000000000100010
0000000100111100
0000000001111100
0000000100001011
0000000001011010
1111111011000100
1111111111001101
0000000001011110
1111111111011100
0000000101000111
0000000010100010
1111111001001100
1111111111001111
1111111111101100
1111111111010110
1111111100101101
1111111111010001
0000000001000110
1111111111100100
1111111011001001
0000000000100111
0000000100110011
0000000001110101
1111111110000011
0000000000011101
1111111100110110
0000000010010111
0000000100000110
0000000000110110
0000000001011101
1111111010011111
0000000000101100
1111111110100100
1111111011100100
1111111101101110
1111111100100101
0000000011110100
0000001000011000
0000000010101100
0000000000000011
0000000000100100
0000000100000110
1111111101110100
1111111101111110
1111111100110111
0000000010010010
0000000100011011
0000000001011101
1111111110010110
0000000100010001
0000000010110110
1111111101001100
1111111110011110
1111111101011001
0000000000101111
0000000011010101
0000000000101001
0000000000101110
1111111110101110
0000000010100001
1111111111110100
1111111101001000
1111111110100001
0000000100011101
1111111100101011
0000000110010100
0000000001010100
1111111101000110
1111111110000010
0000000101111010
0000000110011000
1111111111001111
0000000110011010
0000000001001100
0000000100100010
1111111111100010
0000000000111100
0000000011011101
0000000100001111
1111111101001000
1111111100011101
0000000010111101
0000000100010000
0000000000111110
0000000000010101
1111111011101110
0000000001111111
0000000001111100
0000000011001001
0000000001110001
1111111111111100
1111111111110000
0000000110100110
1111111000100111
1111111111111110
0000000000010000
1111111101111001
1111111100111110
0000000100111111
0000000001110011
1111111111111001
1111111100111100
0000000000011001
1111111101100010
1111111011000111
1111111100011000
0000000000001101
0000000001011100
1111111111101110
0000000100001110
1111111101110000
0000000001001011
1111111101001001
1111111110000111
0000000001001100
0000000000001011
0000000000110011
1111111111010101
0000000000000101
1111111101100010
1111111111001100
1111111110100011
1111111111101001
1111111101000100
0000000010000110
1111111110100100
1111111011111110
1111111110110010
1111111111101101
1111111011100110
0000000000011010
0000000011000100
0000000011010111
0000000000111101
1111111101110110
0000000001001100
1111111101001100
1111111111000000
0000000001111111
0000000000011011
1111111101101011
1111111100111010
1111111011110011
0000000110001011
1111111100001011
1111111011101110
0000000001000110
0000000101001010
0000000010010100
0000000011111110
1111111111110010
1111111110011111
0000000101011101
1111111111001011
0000000000110100
0000000000100100
0000000000110100
1111111111001111
1111111111111111
0000001000010011
0000000000101100
1111111110001000
1111111101010111
0000000001111111
1111111101100111
0000000000100001
0000000100100101
1111111011111110
0000000001111100
0000000000011111
