1101001100000101
0000000110101010
1111011100110000
1111010001101100
1110001111000111
0000101100110000
1111111100100100
0000000110101011
0000110100000101
1111010001111100
0011000001001000
0001000000010000
0000000101100000
0000011110011010
1111100100110001
0010010010010011
1111001111000100
1110111000011010
0000101010111101
1101001110111011
0001110110010011
0011011001001001
0010101101100000
1101111111101010
1101100000110011
0000010001101111
1111111111011010
1111101100000011
1110100000100011
1110010001001101
0001001011000000
1111011100110001
0000011100011011
0000111101000100
0001101001011011
0000001101110011
1110110011110111
1101101010000011
0001010001000111
1111101101001110
1110110110011110
1110100011111110
0001011110001111
1111111101110001
0011110010100010
0000111101101000
1110111100010110
1111001110111101
1111001010001001
1111011010001010
0010110001100010
1110111111000000
1110011010010000
1110100110001001
1110010010011010
1101101110000110
1111100000000100
0000011010111001
0000110001011011
1110100010111101
0000111011011011
1110111011110011
0000001110011111
1110001010101101
0000010111011111
0001000100111000
0010010100100010
1111100011110101
1111000101111010
0010011001110100
1111100100010011
0000000010000010
1110111001000110
1111101001010001
0000111000110010
1110001011011011
1110000011111101
0001111011110100
0000001011100100
0000110110001010
1111010000011011
0010011000010011
0000111001000110
1111101101011100
0000011110110101
1110101111011010
0000000100000011
0001101100101111
0011001010010111
0000000001100100
1110100100111001
0000100011101110
0000000111010111
1110011010001110
0000110101011100
1110111111101100
0000110100110110
0010001100100011
1101000000101101
0001100011001100
0001100001100000
1101110010101111
0001011101011010
1110011110100101
1100111011011011
0010111101101100
0000011110110001
0000100010101001
0001100110100111
0001110001101101
1111100011001101
1110101110101110
1111010100001010
1110100001001101
1111010010000011
0000100001001000
0000001010111000
1110011011000100
1111010001010110
0000101001110101
0001001111000101
1111100011110010
0001101011110010
1111011110110010
0000101010000010
1110101001101000
1110111101111011
0001000111010101
0000111101000011
0001110000101111
0010011000011011
1111101000000010
0000000110010110
0000010110001010
1111100000011010
1111111110000100
1110111101010000
1111001110101000
1111010111101011
1110110001000111
0001011011111110
1111111010100110
1110101100100101
1111010011111100
0000011100110100
0000001110000101
0011110110100110
0000010000110111
0001101110000000
0001001000000001
0000101111001001
1110110111100100
1111010110001001
1111111010010100
1111010100010100
1111011111100010
0001101100010111
0001101110100000
0000100010100011
1101010101100101
1111010111111000
1110111011101111
1111101111001101
1111110001010011
1110110111111001
1111001101110001
0000000100111100
1110011100011100
1111111000110001
0001001100011010
1111001110011111
1111101010001101
1111100110100100
1110111010001111
1111111111010101
0001100100101110
0001001110000110
1111110100110101
1111110101000001
1110111111100010
0000111001001110
1111100011111000
1111111010101101
0001100011110011
0000001011001010
1111101000100111
0010001110100101
1111010001101100
1110001101111101
1111101100001100
0001111011000111
1111011111111010
1110011011100000
0001010000001011
1111001111011110
1101100001101010
1110111010001001
0000100001011001
0000111101101100
1110101010100001
1111000111001000
0000011111111010
0001010110100010
0000011111100111
1111101110111100
0001101001101110
0000000101001110
0001110101001000
1111110000100011
1110100101010010
0010011010010011
0000000010111001
1111100011000110
0000000010011101
0001100100010101
0001110110110010
1101110000101111
0000001110000110
1111101101111010
0011000111000101
1110101000001111
1111100011010001
0010000100000011
0001111001000011
1101010010101110
0000010011100000
0000110001001010
0000111101100001
1111001000110001
0000010000011111
0000001000111100
0010010111000011
1101001110100010
1110100000110101
0000111101100101
1101000111010001
1111101101010011
0000011100101010
1111011011110101
0000001000100000
0010100101100111
1111110010111111
0001101100100110
1110110100111100
0000100101101110
0001110110000001
1111000100000000
1111110101001100
1110001011100111
0001001100110100
0000000111111101
1101011000101101
0000101010001011
0001101100011110
0010001000010111
0000111001110001
1110110111010100
1111110110110110
0010101001111000
0000111110111110
0010101110111010
1110110001010001
0000011011000001
0010001001000011
0001001010011110
1110000101111101
0001000110001110
0001000110110001
0000100100110110
0001011011011100
0000010001000000
1111011011001100
0001101011001111
0000011100001110
0001001111011001
0000100000110001
1111000110010010
1110001110110010
0001011111101011
1111110111010100
0001001010001101
0000100001101110
0000010001101001
1100010100100010
0000011101000100
1111101100000100
1111100000101000
0001110010010001
0000000111111011
0000100110110011
1111011100011111
1101011010100000
0000010110100101
1110000100101111
1101101010001000
0001110110111110
1111011101111010
1110111000000001
1111000011111001
0000101110001110
1111110100100101
0011001000000100
1111110111110101
0010100111100100
1110111010001010
0010100001011001
0000110110000101
0001001101101110
0001000111011011
0000001010011011
1110101001111111
1110011111111101
1101100011100011
1110010001000111
0000100010010001
1110110011001100
1111101111011100
0001011011010011
1101111101011001
1110011000110111
0001010111111000
1110100111111011
1110110110011101
0000011110010010
0001110111110101
1110110100010110
0000101110110111
0000000000000011
1110111010010010
1111110110100011
1110110111010101
0000110100101000
1111100011001001
1101100111111101
1101001100111110
1111001100010111
1101110111100111
0000010100000110
0000101100111001
0000010010010000
0000010010110010
1110111011110101
0001010011100111
1111111111001011
1111100011111110
0000000000001110
0001101110111000
1111111000010010
0000100010000000
0000010110011100
1111111101010101
1111111100000100
0000111100001110
0001010000001000
0001101010110111
0001101110101011
1111110110110111
0001001010110101
0001101101100001
1111111111001001
1111011000101100
1101000010001011
1111010001010111
0001110000000010
1111010101100100
0010111010101001
0001000011110000
1110100011110010
1111001011110011
0000110100110111
0000001000000110
0001110010010001
0000110110101011
1101010010101101
0000000111010111
0000100011010100
0000101111000001
1111111110110001
1110111001000001
0001001110111001
0000001011000110
1110010001010110
1111010001101000
0000110000000000
0000011000010111
0000000111110000
1111000101110110
0001001001001011
1111100110000010
0000011001111111
1101101100101011
1111011111001111
1101111101100110
0001001110101001
0000010101010110
1111101110011111
1110001010101111
1111101110110111
0000110011100100
0000101000110101
0000110010001011
1111111010110110
1110101100111110
0001100011110010
0001000101011001
0001011011100011
1101111000101100
1111110111000101
0000101111100010
0001001011100001
0000100000110101
0000001111000010
0000000011010010
0001000101101100
0000110110010101
1110110011010100
0001010001110110
1111011101110010
1111110111001010
0000000001101011
1111111000110110
1111100101000011
0000111000111110
1111111101000111
0001010000011101
1101001110010010
0000100111111101
0000110101010000
1101110001001101
1110001111101111
1111000100001010
1111100001011111
1111011100110101
0001010000100111
0000101001000010
0000001101000010
1111001001010101
1111101000100011
1101110101101000
1110011011010100
0000010000110010
0010100111011110
0000010011101000
0001001000110101
0001010111100100
1101100101111110
1111101001000110
1110011001001011
1111110000101010
0001011110011001
1110111010001000
0001001110001100
0000111100110111
1111011000100100
0001110111101110
0011001010001000
1110001101011001
0001100110110110
1111100001001001
1111000100001100
1111001001111010
0001011000101001
1111110001001111
0000000101010010
1101010001011011
0000101101110010
0000110001000010
1111110110010011
1110100111111011
0001011000000110
1101110011111110
1111111000110011
1110011110101011
1111110111011001
1101110101100101
0001010000101101
1111101111111100
1111001111000001
1111100101111010
0001001000110000
1111001001101000
1111000000000111
1111100001111100
0000000110110100
1111010111011111
0010000000100010
1110010011011100
0000110100010000
1101100011110010
0001001100110110
0000101000000101
0001000000100011
0000111001011100
1111101001110001
1111110111101101
0001110010011000
1111000011111100
1110110110000110
0000101000000001
0001001100111111
0000010111011001
0001001011000111
0001111001010010
0010001100101001
1100111100101101
0001111001000100
1101001010110011
1110100000110110
1111111000100000
1101010111001111
1110111001100100
0000011100111110
