0001111100001000
0000010100000001
0001111111011100
1110001111110001
1101011110111101
1111011100110111
0001000100011010
0000100110110001
1111100010101010
0000010000010111
0010100110001001
0000011111110010
1110011010110011
0001101110001000
1101111111100001
0001010100101101
1111100101100101
0000011000001111
1111011000001110
1111111010111100
0000011101111010
0010010011100011
1111011110000000
0000011001000100
1110100101100110
0000101111001011
0000011110000001
1111100000010101
1110010001110100
1110110001001010
0010010101001010
1110101001011010
1111111010001100
1111111110011100
1111011001011111
1101001001001011
0000100111000111
1111111001101101
0000110111011011
1110110001011100
1110111100001011
1101011010101000
0000100100110001
1111110101111010
1110101100000001
1110011100010100
0000001010011010
1111110110001110
0010000101100100
0000000101001010
0010110100001010
1111000010001100
0000101010010110
1111110000011101
0000010111000111
1111100110111101
0000010101001110
1111000010000001
0001111100101001
1101100110111111
1111001001111010
1111111010101010
1110011000011001
0010000011101100
1111111001010110
0010000011011001
0001001001100100
0000000001110101
1111000101101000
1101100110110100
0001001101000100
0011000101100000
1101110101110011
1100100010100000
1110110011011001
1100010100110110
1110111110011000
1101110100000110
1111011001110011
1111101001000111
0000111001100010
1111100010011110
1111010100001011
0001001010010000
0000001100101100
0011001101011011
1111010001001001
1111001000111111
0001011100111111
0000011001011110
1111011101000010
0000000100011111
1111111011110110
0000111000000111
1110100111010101
1110100010010001
0000000110001100
1100011000111000
0001101101001010
1110011001110101
1111001010110001
1101111111010100
1110101111110010
0000010100000010
0000100110111011
1111010010001101
0000000010000110
0001001011000010
1110101001111111
0000110101001000
0001001001100110
1111111010101001
1110001001111011
0000010110110101
0001000110000011
1110111100101001
1111100101101000
0000011100001100
0000100110101111
1110101100111001
0001000100100100
1110111101010000
1111001111111001
1111001110011110
0001010010010111
1110110010111010
0001000100110111
1101111001110001
1110101011010001
0000010111110110
1110100111110001
0000010000111011
0000000110100001
1110111000100000
1111000011010111
1111011001000011
0010010000001100
1111111011010111
0001111001111000
1110010111110001
0000111011000100
0000111010000000
1111111111001010
1101001000000011
0010011000000101
0010111100101010
1110100001111010
1110010110010110
1111110110110110
1110011101011000
1110101000010101
0000101101111000
0000000010011101
1101111110110011
0000101011010001
1110010011011110
0001000011001001
0001010100101100
0000010001110001
0000101100110011
1110110110101110
0000101111001011
0000001011010000
0001101110001000
1111101010011000
0010100001110000
1110010011010110
0000000000000001
1111111010011001
1110001001101111
0001101100111101
1110111011101110
0000110011001100
1111100000101110
0000010000100101
0000011111000010
0001010110110110
0001101010111101
1111100011111111
0001001100000101
1111011010100100
0001000100001110
1111001000010010
0000110110110101
1110111101100101
1110011011111010
0010000001010001
0000100010010100
0010001111111110
0000001000101111
1110011000010010
1101000100100101
1110111000101010
0000101100001111
1101010000000000
1110011110111110
1111101001110001
1111001010110000
1100111100110011
1111010010010000
0000011011100111
1110100101110010
1110110110101101
0001000010000001
0000000110000001
0001110111100001
0010111011011011
1101110010110111
0000110101100010
0001011101010011
1111010110001001
1111011011101100
1110110001101110
0000000011101001
1111001111111110
0001111010000100
0000001001001011
1111100111100001
1110101111010100
0000110000100011
0000110001100100
0001010101110010
1111111011101010
1111100100111001
1101001100010010
0001110011111010
1110011111111100
0000111010010110
0000111010101100
1111110010110110
0001101100111101
1110110001101010
1101000101011000
1111001010010101
0000001100001000
1111111110111101
0001001111110011
1111110101101110
0001010101001000
0000101011001100
1111010110010001
1110001001001011
0001000111010011
1110111110111111
1111000100101111
1111010111100100
0001011010111101
0000101011011011
1111010011101100
1111101101101101
0001101001001001
0010010101010000
0000011011000011
1111010100001111
0000000101010000
0001001101000000
1111001011000110
0000100110010111
1101010000000111
1111110101011001
1111110101110011
1110010101101110
0000110111111010
0001000000000111
1110110011010000
1110010010101001
0000101001011011
1111100111000001
1111010011110000
1101000110100000
0000101100111011
0000110111000101
1110010010111101
1011010000001110
0001101001001000
1110111110111010
1110110110101101
1111010101101110
0000000110101000
1111010111000100
1111101110111001
0000001111001100
0001111100111101
1111010111110001
0001011110100010
1111110000000101
1111111111100110
1111100011010011
0001100011111001
0001000111100101
1111111011000010
0000000110100011
1101110001010111
1110101111111111
1111000110010011
1110000000110110
0000001110101011
0000111001100011
0000000001010001
1101100000111111
1110011101101000
0000101101001000
0011011101001101
1111111010110101
1111111011001001
0000100110100110
0001011110100010
1101101111000001
0000101011011111
0001000111011011
0000110110011110
1111100101000010
1110100000111011
1111111000011001
0010001001011001
1111110100111000
0000101010111010
1101110001011000
1111011011111111
0001100011000000
1110101101000111
0001001111001110
1100110111101111
1111000010101111
0001101001110101
1111001111101111
1110111110000100
1111011011111011
1100100001010000
1100101111001010
0001101011010010
0000011011010101
0011000010001100
0010100111011110
0000011011111110
1110100110001101
0000110100110101
1101100000111110
0001011010011011
1100011111100001
0000011011011010
1110111010011111
1110000111011011
1110010110011101
1111000101100010
1110000100100111
0000100010001100
1111111010001010
0000010001010101
1111011000011100
0000100101101001
0001001101111000
1111110100100110
1101101101111000
1110111101101101
1111000111000110
1111101010001000
0000000110111000
1101010001000001
0000000101011110
0001000111000110
0000001001010111
0011111110100110
1111111011100000
1111110100111110
1110000111011110
1110001110010001
0001100111000010
1111001001110101
0000111111010101
1111100111001000
0000001101100111
1110111111100011
1110101011011111
1111011010011111
0000001010110000
1110001100010110
1101011001101101
0010001001110001
1111101000111101
0000100111110011
1111111110111100
0010000101110100
0000110001110000
0000111100100001
0000111110111001
0011010011101101
0000100010101100
1111010000001111
1111010010011001
1111110011110101
0000110101010001
1111101011000000
0011011110000010
1111101010010011
1111011111011000
1111010011100100
0000010111110000
0000011000110100
1101110101010001
0000000011111111
0000101010001111
0010110110000010
0000111010111101
0000101000100110
1111010111001010
1110111100011110
0000001111110100
0000000110011010
1110111001010111
0010101110110000
0000110111010101
1111010000101110
1111110111101100
0000110110010000
0000011001110000
1111100011000001
0001000111101000
1111101110110010
0001001111001110
0001010001001111
1101001111111101
0010001010010001
0000010111001101
1101110111001100
0000111101101101
0001101110010100
0010110111010001
1101000100110011
0001010011110001
0001111001101101
1111110101001101
0000001011100100
0000111110110000
1101110101001000
1111100110011111
1101101101011110
1101001101111100
0000100011110011
1111110100100000
1101010010111011
0011111100000101
0001011000011001
0010100011100001
1110110010100101
0000011001000111
0000010110000010
1101111000000001
0010001111001101
0010100110111011
1111110101001000
0000000001111110
0000101000000101
1110111011011010
1111110010100010
1111101011011010
0001100011111110
1101101100011111
1110101101101111
0000001000000010
1111001010010010
1111101100100101
0001010101100000
1111101100110100
1110010101101110
0001001001001010
1111010101000101
0001010110100100
1101110110111110
0001101001110000
1111010100001000
0001101111001111
1110101101010000
0010011101100000
0001101010000000
1110101011111010
1101001010010011
0000011111111010
1101010001011010
1111001111000101
0000100111110011
1110100111101100
1111010110001010
1101110011101001
1111111110011011
1111101010111101
1111010110111010
1110111101011110
0000110111111110
1111011001011110
1110110111101100
1111110110111001
1101111111000111
1101011001100111
0001011001001001
1110111110010100
0000000111001010
0001010110100111
1111010110101110
1110011111011111
0000110100011000
1101111110010101
0001000111011100
0000011101111111
1110001110000110
0000110010101011
0001000101011010
1111011110010100
0001100110111011
1110101001110101
1111001000001001
1110000111111101
