1111111011111111
1111111110000010
0000000010011110
0000000000000001
0000000000010111
0000000000111110
0000000011011110
1111111011100100
0000000000111000
1111111011010110
1111111111110100
0000000001010000
0000000010101100
1111111111000000
0000000001100000
0000000011001101
1111111101011011
1111111111001011
0000000001001101
1111111110100101
1111111011110110
0000000001110000
0000001010100101
1111111111000001
0000000011001011
1111111110000000
0000000000010111
1111111110100101
1111111101011010
0000000101010001
1111111110110100
1111111110100001
1111111111010100
0000000011010000
1111111010100010
1111111010010001
0000000010011100
0000000001101000
1111111100011111
1111111101000011
1111111100110101
1111111010101111
0000000001100010
0000000011101100
1111111100111101
1111111011111111
1111111111101100
1111111100011100
0000000001110101
1111111001010011
1111111101100000
0000000001111111
1111111100110111
0000000001000000
0000000000111011
0000000011001000
1111111111110000
0000000001000101
1111111111111001
0000000011011101
0000000010001100
1111111101000111
1111111100001011
1111111111110101
1111111011011000
0000000001111110
1111111111111010
0000000001100111
1111111110011110
1111111110010011
0000000001001101
1111111100100001
0000000010001110
1111111101001011
0000000101011000
0000000001011011
0000000001000011
0000000001101100
0000000001101001
1111111110011101
0000000011001001
0000000011001110
1111111101000111
0000000001010000
1111111100011110
1111111010100110
1111111101011000
1111111100000011
1111111101010111
1111111111100100
1111111111100100
0000000001010101
0000000011100100
1111111101100010
1111111111111111
1111111100100100
0000000000000100
0000000000011000
0000000001001111
0000000001011100
0000000001001010
1111111101011101
0000000001110011
1111111001011000
0000000011000111
1111111101101010
1111111111111001
0000000000101011
1111111101101011
0000000010100101
1111111101100101
0000000111011010
0000000010100010
0000000101100100
0000000000010100
1111111110110010
0000000000001110
0000000001110101
0000000001010111
0000000000111100
1111111111000001
1111111111101010
1111111010110100
1111111100110110
1111111110011000
1111111110001011
1111111011110010
0000000000111101
1111111111010100
1111111111010001
0000000011001000
0000000001000010
1111111011000101
1111111100100111
0000000001110010
0000000100000010
0000000001000000
0000000101000001
0000000001100110
1111111010110101
0000000001001101
0000000000000101
0000000001101100
0000000001011110
1111111111010111
0000000000011101
1111111111010000
1111111101100010
0000000011000110
1111111011001010
0000000001110010
1111111011111111
1111111110011010
1111111110001110
1111111010110000
1111111100100011
1111111011100101
0000000000010111
1111111111000000
1111111111110101
0000000010000100
0000000011100111
1111111111010001
0000000010110001
0000000001001111
1111111101111110
1111111100010100
1111111101010010
0000000000111010
0000000000110110
1111111100110111
0000000101001011
1111111111000110
1111111111111111
1111111110111110
1111111011011000
0000000010000011
1111111111011100
1111111101111000
1111111111000101
0000000001101001
1111111100111010
1111111101110100
0000000000110101
1111111100001101
0000000001011111
1111111101111110
1111111111000010
0000000100011100
0000000000111011
1111111100011101
0000000001001010
0000000011100111
1111111011100011
1111111100010111
0000000100110100
0000000010101011
0000000000000110
0000000000010111
0000000011101110
1111111011011100
1111111101110101
1111111001100001
0000000100001101
1111111100010010
0000000100010001
1111111101010100
0000000000110010
0000000001100111
0000000001101001
1111111111100101
1111111111000000
0000000001001011
1111111111001001
0000000000010111
0000000010000001
0000000000000000
1111111111000100
0000000000110100
1111111101000100
0000000000011011
1111111111110000
1111111010000100
0000000000101000
1111111101010011
1111111100110100
1111111111011110
1111111100001010
1111111111001010
1111111110100000
1111111111010001
0000000000101001
1111111101111010
1111111111010011
0000000000110111
0000000010100110
1111111100101011
1111111111000011
0000000001100011
0000000010000100
0000000000111110
1111111110011011
0000000110100010
1111111110010011
1111111111100100
0000000001111001
1111111111101110
0000000011001111
1111111101011111
1111111110001100
0000000000010101
1111111110010001
0000000000101111
1111111110001000
0000000010000101
0000000001000100
0000000011010110
1111111101111010
1111111111100010
0000000000000110
0000000010011010
1111111000101000
0000000100010100
1111111111111101
1111111100000110
0000000011101111
0000000001000010
0000000010111110
1111111110010110
0000000001110100
1111111111000001
0000000010100010
1111111100101110
0000000001111011
0000000000100111
0000000011001000
0000000101111010
1111111101010111
1111111111010110
1111111111000000
1111111111111101
0000000001000000
1111111100100000
1111111101111010
0000000011010101
0000000001101001
1111111110001010
0000000000011010
1111111110110111
0000000100100001
1111111111110001
0000000100110000
1111111101111011
0000000010100100
0000000010011001
0000000000101111
1111111101001111
0000000011111110
0000000000000101
0000000000110101
1111111110101111
0000000011001011
0000000010010010
1111111101011011
0000000000111011
1111111110111111
0000000001111000
1111111111100111
0000000011100111
1111111110011000
0000000001011001
1111111001011111
1111111110011101
1111111110111111
0000000001100101
1111111100111010
1111111110011111
1111111111111010
0000000010110110
1111111101100111
1111111110000100
1111111101011001
0000000000010010
0000000001000001
1111111110101011
1111111101100010
1111111000011001
1111111110001100
1111111110111101
1111111110111110
1111111111101001
0000000011111100
0000000011010110
0000000000100010
1111111110111101
1111111111111111
0000000100000001
0000000010001011
1111111110111010
1111111111000001
0000000000001101
0000000011010101
0000000001110110
1111111111101001
0000000000111101
0000000000000011
1111111011011000
0000000010000010
1111111011011110
0000000000100100
1111111110110011
1111111110010111
0000000101100110
0000000010000010
1111111100001010
1111111010111110
0000000001011001
0000000000001101
1111111100100001
0000000001100100
0000000001000101
1111111101100011
0000000011011001
0000000010011101
0000000011110100
1111111110010001
1111111110000101
0000000100001110
0000000010001111
0000000100010010
1111111011000010
1111111111100001
1111111111100011
0000000011011011
1111111101011010
1111111110110010
0000000000010001
1111111101100100
0000000010110010
1111111010001110
0000000001100101
0000000101001110
1111111110101001
0000000001111111
1111111110111100
1111111110100110
1111111000101111
1111111101000001
0000000001000001
1111111110101101
0000000100010001
1111111110111001
1111111101101010
1111111101110100
1111111111011100
0000000000000011
1111111110110110
0000000010001101
0000000010001010
0000000010010110
0000000000011010
0000000001101001
0000000001001111
1111111110101001
0000000000001010
0000000001011001
1111111101000000
0000000011100011
1111111111111001
1111111111011100
0000000101101110
1111111001001101
0000000001000101
1111111110011100
0000000000100100
0000000011111110
1111111101001001
0000000000000111
0000000001001000
1111111100000010
0000000010111011
1111111111111101
1111111111010001
1111111111001101
1111111100010101
0000000100010001
1111111011101001
0000000011110000
0000000010010100
1111111111100010
1111111110011100
1111111010011110
1111111111011001
1111111110101000
0000000001001011
1111111111011111
0000000010111001
1111111100101010
0000000010111001
1111111111011100
1111111101100100
1111111110110000
0000000001010010
1111111100111111
0000000001101110
1111111100111111
1111111111011110
1111111110100111
0000000010000100
0000000010000111
0000000011101110
0000000100010110
1111111011000001
1111111111111111
0000000001001111
1111111111100110
1111111011100001
1111111100100000
0000000011010101
1111111111001100
1111111111100101
0000000001100000
0000000100001011
1111111111010110
0000000001111000
0000000101000000
0000000001101001
0000000000001100
0000000001100011
0000000011011000
1111111110111001
1111111001010100
0000000010001011
0000000001001010
1111111110111111
1111111111001100
0000000000010111
1111111111000111
0000000010011001
0000000010001101
1111111110011111
0000000001000111
0000000101110101
0000000010010010
1111111111010100
1111111001011101
0000000001011011
0000000000011101
0000000000001100
0000000010000001
1111111110000111
0000000101001011
1111111111001110
1111111101000010
0000000011110010
0000000001111010
0000000100011111
0000000001111000
0000000001010111
0000000011000010
1111111111000110
1111111111010111
0000000001101101
1111111101111111
1111111100111101
1111111110101001
1111111101101110
1111111010101101
1111111100111011
0000000011000111
1111111110110000
1111111111010010
