1111111100011010
1111111111110101
0000000001111100
1111111111000010
0000000010000000
0000000010011011
0000000110100010
1111111110001111
0000000000110001
1111111101101110
0000000001100000
0000000001110110
0000000100010111
1111111101101100
1111111011001100
1111111111111110
0000000000111001
0000000100110110
0000000010000011
0000000000111111
1111111111111100
1111111111100100
0000000010011000
1111111110010101
0000000100001111
0000000010100101
0000000001111110
1111111111000010
0000000010111111
1111111110011001
0000000001001100
0000000000001100
1111111011100111
0000000100001110
0000000001000111
0000000000000110
1111111110000010
0000000000010010
1111111101100111
0000000100100011
1111111111000000
1111111111111011
0000000001110010
1111111111101000
0000000000011101
0000000001101100
0000000010101110
1111111111011110
0000000001001111
0000000101011011
1111111110000000
1111111110001111
1111111111100000
0000000010000001
1111111101011111
1111111101111100
1111111111101110
0000000010100110
0000000000000101
0000000011001001
0000000100100111
0000000000011001
1111111010101011
0000000011111001
0000000101101111
1111111010111001
0000000001100100
0000000011011010
0000000000110101
1111111101010101
1111111100110101
0000000010011110
1111111110111110
1111111100011011
1111111101111101
0000000000001101
0000000010001011
1111111101100111
0000000001101001
1111111110100001
1111111001010100
0000000001101010
0000000000000000
1111111101000110
1111111111000010
0000000000110101
0000000001001010
1111111101111011
0000000010000100
1111111111101011
1111111111011110
1111111100101100
1111111110001101
1111111001110101
0000000010110101
0000000011111111
1111111100000011
1111111111100110
0000000011100001
0000000000101101
0000000001000111
1111111100101011
0000000001011001
0000000000000110
0000000011101110
0000000011000011
0000000001010110
1111111111010000
1111111101101100
1111111011100101
0000000011100100
0000000000100010
0000000001001001
0000000100110100
0000000011000110
1111111101101101
1111111100001010
1111111111000101
1111111010010101
0000000000111111
1111111111000010
0000000001000111
0000000001110001
0000000000011000
1111111111001001
0000000001011000
1111111111001001
1111111110001110
1111111101001111
0000000000010111
0000000010110111
1111111100101010
0000000100100001
0000000110101100
1111111110111110
0000000011000101
0000000101010000
0000000110010111
1111111111101111
0000000000111110
1111111110111001
1111111111111111
1111111111110110
0000000110101010
0000000000111000
1111111111111110
0000000000010101
1111111011100000
0000000000101000
1111111100111111
0000000011000001
1111111000111110
1111111110100111
1111111110101110
1111111110001110
1111111001000100
1111111110010101
1111111110101110
1111111110000110
0000000000100100
1111111110000010
1111111110010100
0000000001000110
1111111111011010
1111111010001101
0000000001010011
0000000000101110
0000000010101011
1111111111011111
1111111101111011
0000001000101101
1111111101001110
0000000000000000
0000000010111001
1111111010100110
1111111101110000
0000000011100011
0000000000001111
0000000000010010
0000000100010101
0000000100110011
1111111110101101
1111111101011010
0000000000010000
0000000101011010
1111111101100100
1111111111111000
0000000011111000
1111111111000100
1111111111111111
0000000010101010
0000000000011111
0000000000000101
1111111010110000
0000000010011011
1111111110010001
1111111100110000
0000000011010111
1111111011000100
1111111110010011
0000000001001101
1111111100010111
1111111011100101
1111111101010001
1111111101001101
0000000000101001
0000000100000000
0000000010000000
0000000000111011
0000000001001111
0000000011001100
1111111111011001
0000000001000010
0000000000001111
1111111110101000
0000000011011100
1111111011010110
0000000011000110
1111111101100111
1111111111000111
1111111110110100
1111111111000100
0000000001100000
0000000000101000
0000000000011001
0000000011011010
0000000001100111
0000000011111011
0000000010110010
1111111110111010
1111111100101011
0000000001000011
1111111110100110
0000000110100011
0000000000110010
1111111111000001
1111111111001110
0000000011000000
0000000010001001
1111111110011101
1111111110110011
1111111100111100
1111111111110100
0000000011011010
1111111010000110
1111111110100000
0000000000000000
0000000011001010
1111111111100101
0000000011110111
1111111101111110
0000000011100000
1111111110110000
1111111111110111
0000000011100011
1111111111110000
1111110111110101
0000000000001111
0000000001001100
0000000111001000
0000000010000001
1111111101000101
1111111110011101
0000000001010000
1111111101111011
1111111110101011
0000000011001100
1111111110111011
0000000010111010
0000000001101101
1111111101111011
0000000011010101
0000000010001001
1111111110110011
0000000001111100
1111111110101010
0000000011101001
0000000000101101
1111111101110111
1111111111001010
0000000000010110
0000000010100001
0000000011111101
0000000100101111
0000000010110101
0000000001010000
0000000101100101
1111111111011101
1111111110100011
0000000001110110
1111111100000101
1111111101111010
0000000011000010
1111111111111011
1111111111000100
0000000000010000
1111111111000010
1111111010111001
0000000000000011
1111111010110111
0000000101010111
1111111101111010
1111111011011101
1111111111011000
1111111100111101
0000000010111001
1111111100001100
0000000000010000
0000000100010110
1111111111110001
0000000010101100
1111111100011010
1111111110000010
0000000010010101
0000000000010101
0000000001011011
0000000000100000
1111111100011000
0000000000000101
0000000001010111
1111111110010110
1111111111010101
0000000001100010
1111111110111110
1111111110101010
1111111111000011
1111111111000000
1111111011111011
1111111111011110
1111111101001110
1111111101110101
1111111111000001
1111111111001101
0000000110100010
0000000001011110
1111111111001001
0000000001101010
1111111101110101
0000000011101000
1111111100001001
0000000001111111
0000000100101111
0000000010100001
1111111100000001
1111111111111100
1111111100100000
1111111110101010
0000000100111000
0000000011011011
0000000010011101
1111111110001101
0000000011101100
1111111111110010
1111111111110111
0000000001110001
0000000000100100
1111111111010011
0000000001001111
0000000000010100
0000000000001111
1111111101101001
1111111110111010
1111111111000001
1111111110011101
0000000100010010
0000000010010110
1111111111001000
0000000001010111
0000000010110001
1111111111001000
1111111101110111
0000000001001001
1111111101111101
0000000001000111
1111111110010111
1111111111010000
0000000000101011
0000000000101000
1111111101111011
0000000010010111
1111111110101100
0000000010101001
0000000001010110
0000000100011111
0000000001100110
1111111111001010
1111111011111001
1111111101000010
1111111110111010
0000000011011010
0000000010000011
1111111110110111
0000000000101000
1111111011001101
0000000100010011
0000000000101001
1111111110001000
1111111101000111
1111111100001000
0000000011010000
0000000010010010
1111111110010100
1111111001000101
1111111110101001
0000000010011101
1111111111011101
0000000011001001
0000000011010001
0000000100010010
1111111110100001
1111111100010110
0000000100101011
1111111111011110
1111111111111011
0000000000011011
1111111110100001
1111111110110010
1111111011001001
1111111010011001
0000000000011101
0000000101001111
1111111110011100
1111111111010101
0000000001001110
0000000001100010
0000000010100000
1111111100001101
1111111100110100
1111111111111111
1111111101001100
1111111011100000
0000000000010111
0000000001111011
1111111001111000
1111111000000111
1111111111101100
0000000101010010
0000000011100110
1111111111010001
0000000101111111
1111111111111110
0000000001001100
0000000001101101
0000000001010001
1111111001001000
0000000001111001
1111111111110011
1111111101001100
0000000101011010
1111111111001011
0000000000000111
0000000101111100
0000000001000001
1111111101011011
0000000000010011
1111111011100001
1111111101001111
1111111110111110
1111111101000101
0000000000000111
0000000000110011
1111111101000001
1111111110110001
0000000000111000
1111111110101000
0000000001110101
1111111100010100
0000000001100111
0000000101011110
0000000001001101
0000000010101000
1111111101010000
0000000000001110
1111111111001001
1111111100010001
0000000011011001
0000000000101111
1111111110000011
0000000100011100
1111111110010101
0000000000000101
1111111111010111
1111111111001110
0000000001011100
0000000101000010
1111111100100111
0000000011100001
0000000000111100
1111111111011000
1111111101100010
1111111010010010
1111111101100011
0000000101010111
1111111111010011
1111111111010110
1111111100010101
1111111110101001
0000000011001100
0000000001001010
1111111111100011
1111111110010000
1111111101100111
0000000000111101
0000000011000010
0000000010010101
0000000010110100
1111111111110000
1111111110001001
1111111100101000
0000000010011010
0000000001001010
0000000001001100
