1111111110010010
0000000001000001
1111111111001100
0000000010000111
0000000000110100
1111111101110101
0000000001100111
0000000000010110
0000000000111000
0000000010011101
0000000000110101
0000000010110111
1111111111001100
1111111111111111
0000000001001100
1111111110001010
1111111100101111
0000000011011010
0000000001010001
1111111101000100
0000000000010110
0000000101010011
0000000010010001
1111111100111110
0000000001100110
0000000011010000
0000000001011010
0000000000100100
0000000001011000
0000000000111111
1111111111001100
1111111111101011
1111111011110111
1111111111011101
0000000010101011
0000000000011101
1111111110101010
1111111110100010
1111111111011101
1111111011011110
0000000100010011
0000000010101000
1111111110100110
0000000100001101
0000000010011100
1111111110011000
1111111100101101
0000000010110011
0000000110100100
1111111111010110
0000000100101110
0000000011101110
0000000000011100
1111111111101001
0000000010011010
0000000011001001
0000000000111111
1111111110010011
0000000010010110
0000000000110010
0000000001101011
1111111110111101
1111111111110100
0000000000010010
1111111110101010
0000000001000101
0000000011101000
1111111100010011
1111111111000111
0000000010001101
1111111111101111
1111111111110110
0000000000000101
1111111100111100
1111111101000001
1111111101110001
0000000011001111
1111111100110000
0000000001010100
0000000001100111
1111111110000001
1111111111011110
0000000000111000
1111111110101111
1111111110011111
0000000010000001
0000000000111001
0000000011010111
1111111110100010
1111111110011000
0000000011101011
1111111110011110
1111111101110001
0000000010011110
1111111111001110
0000000011011110
1111111011001100
0000000100111001
1111111011011110
0000000001101101
0000000101011110
0000000000110000
0000000111111000
0000000010001000
0000000010101010
1111111110011000
0000000001110010
0000000000110110
0000000001011011
0000000100100000
0000000000111001
1111111111010111
0000000010110011
1111111111001010
0000000101010000
1111111111110110
0000000010101000
1111111101001110
1111111101111110
0000000000111001
0000000001000111
0000000011010010
0000000000011101
1111111110001100
1111111100101100
0000000001010001
0000000011001110
0000000010110011
1111111111111011
1111111011101011
0000000010000101
0000000001001111
0000000000010110
0000000011111111
1111111001101110
0000000000101111
1111111011101111
1111111010110001
1111111111101010
0000000011100110
0000000000010010
1111111111010011
1111111100000111
1111111001110000
0000000000111010
0000000001010100
0000000011101111
1111111110001100
1111111110101001
0000000011111100
1111111101011111
1111111110101010
0000000100001000
0000000010011001
1111111111010101
0000000011000000
1111111110100001
1111111101010100
0000000010000011
0000000000110100
0000000010111110
0000000101000110
1111111110110010
1111111101100100
0000000000110001
0000000000101111
0000000001101101
1111111111010011
0000000010110000
1111111111010101
1111111110110001
0000000000101011
1111111111010101
1111111111010111
1111111110111011
0000000101010011
0000000001001111
0000000010000110
1111111011010110
0000000100111001
0000000010000110
0000000001111100
0000000000010110
0000000000000010
1111111111101010
1111111010110000
0000000101111010
1111111000100011
1111111001010100
0000000001111100
1111111010000100
1111111110111111
1111111011101000
0000000100100010
1111111101110110
1111111111100011
0000000000011010
0000000011001001
0000000100010000
1111111110011001
1111111111101100
0000000000110101
1111111111011001
0000000010011001
0000000101000000
0000000011000111
0000000001001010
0000000100001111
0000000011001101
0000000010100011
0000000001000011
1111111111110100
1111111101010110
1111111010000101
1111111111000110
1111111011110111
0000000001110000
1111111111001101
1111111110110100
1111111011110010
0000000000100111
1111111100110010
1111111111111100
0000000100110010
0000000011101011
0000000000010000
1111111111011011
0000000000110011
0000000010011010
1111111101000010
0000000000011101
1111111101100000
0000000101000110
0000000000110000
1111111011011011
1111111110101011
1111111111001001
1111111110011110
0000000100000111
0000000010001101
0000000001100011
1111111110010101
1111111011100010
1111111110011000
1111111101101010
0000000000101110
0000000000100011
0000000011010010
0000000001110000
0000000010100011
0000000001010010
0000000100011001
0000000010111010
1111111111100010
0000000100000111
0000000011000000
0000000010001011
1111111101001101
1111111110111101
1111111100101111
1111111100010110
0000000000101011
1111111110001111
0000000001111010
1111111110010011
0000000101111100
0000000010110000
1111111101010000
1111111111010101
0000000110011011
0000000010101100
1111111111110100
1111111111111101
0000000010111100
0000000001111111
1111111111100000
1111111110110100
1111111111010000
1111111101010100
0000000011011111
0000000011100000
1111111011100010
0000000011001110
0000000001101010
0000000010001001
1111111101100111
0000000110011011
0000000001000010
1111111111110111
1111111111100011
0000000000000111
1111111011000001
1111111111110101
1111111110111110
1111111010111101
0000000011111101
0000000010000011
0000000001000010
1111111111010001
0000000000001011
1111111110111000
0000000010100110
0000000010110010
1111111111000011
1111111110110010
0000000000000111
1111111111000111
0000000000101000
0000000000100100
0000000000000111
0000000010111011
0000000011001011
1111111100011011
0000000000101101
1111111110101001
1111111110100001
0000000001100111
0000000111110010
0000000011001011
0000000010111001
1111111101000111
1111111110110011
1111111111101011
0000000100101110
0000000100011000
0000000001001011
1111111101111010
1111111100001011
0000000000010101
0000000000110111
1111111110001000
0000000001111100
1111111101001000
1111111111001000
1111111111001001
0000000000101100
1111111011110101
0000000001000001
0000000010000001
1111111111001111
1111111111001100
1111111111011111
1111111111110001
0000000000101010
0000000111000111
0000000000101110
1111111111011010
0000000001110000
0000000100010000
1111111100111000
1111111100101110
0000000010101101
0000000000111001
1111111111101101
0000000111010111
1111111110110011
0000000001010000
1111111100100000
1111111111001011
1111111111110011
0000000100000100
0000000001011010
1111111111111011
1111111100101011
0000000010100010
1111111111101101
0000000000000100
0000000001111001
0000000000100001
0000000000101101
1111111111101010
0000000000111101
1111111111011011
1111111010010110
1111111111011100
1111111110100011
0000000011001100
1111111110111010
1111111101101111
0000000001001100
0000000000101101
0000000001000111
0000000100101100
0000000011001101
0000000001001110
1111111110001110
0000000000011011
1111111110011100
1111111111110000
1111111011111000
1111111110000100
0000000011000001
0000000001111000
0000000001011111
1111111111110101
0000000011000101
1111111100001110
1111111000010000
0000000000100011
0000000101110111
0000000011101100
0000000011001000
0000000010101010
1111111101011001
1111111100101101
1111111111010011
0000000000100100
0000000000111011
0000000001011110
0000000001001001
0000000000000010
0000000110011011
1111111011100100
1111111101101111
0000000011101000
1111111001111001
1111111110111001
0000000000001100
0000000000110001
1111111111101111
1111111101111011
1111111101011001
1111111001100101
0000000011011100
1111111101110000
0000000010011101
0000000010010111
0000000001101011
0000000000011001
1111111110101010
1111111110110111
1111111110110000
0000000000111110
1111111001011100
0000000001100101
1111111101111110
1111111111110110
1111111111001001
0000000011000110
1111111110001111
1111111011111010
1111111101001110
1111111011100100
0000000001011111
1111111110110110
1111111111000110
1111111011111011
0000000100100010
0000000001000110
1111111100011011
0000000001011001
0000000001101111
1111111100111011
0000000000000100
1111111110101100
0000000100110101
1111111111011011
1111111010001111
1111111001010100
0000000110010011
1111111110111010
1111111111101010
0000000101000011
0000000101010100
1111111111011000
0000000000011001
1111111101101000
1111111101101110
1111111001010001
1111111111100011
0000000101000001
1111111101111011
0000000000000100
1111111011110111
0000000001101000
0000000001011001
1111111010011011
1111111110100000
0000000000001110
0000000001000000
1111111110110101
1111111110111000
0000000010000001
0000000001000011
0000000001001110
1111111111000101
0000000000000101
1111111100100010
1111111111001010
0000000000011001
1111111011110001
0000000000100110
1111111111011001
0000000010110110
0000000001101011
0000000000001010
1111111101101001
1111111101111010
1111111010001100
1111111101100111
0000000001101000
1111111110111100
1111111111110011
0000000010010000
1111111110011100
0000000001100001
0000000100001000
1111111110000111
0000000101001100
0000000001010000
1111111110111111
1111111010101101
