1111111110000100
0000000001011100
0000000001100000
0000000001111101
1111111111000011
0000000000001000
0000000001010001
0000000000010100
1111111111010111
1111111111001011
0000000000100001
1111111110000011
0000000011100110
1111111111110010
1111111110100010
1111111111001110
1111111111101001
0000000011011110
1111111101010011
1111111101000011
1111111110100001
0000000010001100
0000000001001111
0000000001111011
1111111100111110
1111111110101001
1111111111010011
0000000000111100
1111111111000100
1111111011100110
0000000100100011
0000000000100101
0000000001100010
0000000001101000
1111111101100101
1111111111010011
1111111111101010
1111111111100000
0000000011110101
1111111011101000
0000000000101000
1111111110100111
1111111111101010
0000000001110101
1111111100110010
1111111110111100
0000000010100111
0000000100000000
1111111110001101
1111111111001011
1111111100001000
1111111101010000
0000000010000100
0000000101101111
0000000100111001
1111111101001011
0000000100110011
0000000011101110
1111111100010111
1111111111110011
0000000000101110
1111111001011110
0000000101101011
1111111111001001
1111111111101101
1111111011001110
1111111111110110
1111111110001010
0000000010111110
1111111110101010
1111111110110011
1111111001110100
1111111111001100
1111111101010101
0000000000000101
0000000000010001
1111111110000101
0000000000100000
1111111100101101
1111111010011000
1111111111110110
1111111100000010
0000000000011000
0000000001011010
1111111100100010
0000000100010011
0000000010000110
0000000010011111
1111111001111011
0000000010111010
1111111110011001
1111111101100111
0000000001001111
0000000010101010
1111111110011010
1111111010111101
0000000001110001
0000000010001010
1111111101111111
1111111110010110
1111111111011011
0000000001010010
0000000100101011
0000000001010001
0000000010110011
0000000000101011
1111111101101010
0000000000000011
1111111111000001
0000000001101101
1111111100001010
0000000001111111
0000000000101101
0000000000001110
1111111100011011
1111111101100000
0000000011101010
0000000010101011
1111111101011100
0000000011100100
0000000001001000
0000000011110011
0000000000011101
1111111110000010
1111111100000010
1111111110011000
1111111110110111
0000000001110010
0000000000001000
0000000001010001
1111111000010011
1111111100010011
0000000101010010
0000000111000110
1111111110100010
0000000001101101
1111111111010001
0000000001001001
1111111111011111
1111111110110100
1111111101111001
0000000010001011
1111111101100101
1111111111111001
1111111110000101
1111111100001011
0000000001010101
0000000010010100
1111111111000111
0000000000001011
0000000011010000
1111111111101100
0000000101000111
0000000000011100
0000000100110100
1111111111000011
1111111100000101
0000000100001111
0000000011111001
1111111111100011
1111111101010110
0000000001111001
1111111111110101
1111111110111011
0000000001100101
1111111100110001
0000000001001100
0000000001110100
0000000000100000
0000000100101111
0000000110111001
0000000000101000
0000000000100010
0000000000001111
0000000001100001
1111111110110100
0000000010110001
0000000011101110
1111111111011101
0000000001011010
0000000000001001
1111111110111000
1111111111000011
0000000011010011
0000000100100101
0000000100011110
0000000011100010
1111111101100011
0000000000011101
0000000010011100
0000000000010101
1111111010110111
0000000010010000
0000000001101100
0000000000010010
1111111110001111
0000000001000011
0000000100100110
0000000011000010
1111111111100100
0000000001110111
1111111110000011
1111111111010001
0000000011000001
0000000100000100
1111111101011000
0000000001100010
0000000001010000
0000000001111010
0000000011101011
1111111100111001
1111111101000011
0000000000010111
1111111101010000
1111111110110111
1111111111011000
0000000000001001
1111111010110010
1111111101001101
1111111111110000
0000000000101100
0000000011011110
1111111011100001
0000000000011100
0000000100011110
0000000001000011
1111111101011100
1111111110000001
1111111110100111
1111111100110110
1111111110111100
0000000000101101
1111111110110110
0000000010101011
1111111011110000
0000000011011101
0000000000010010
0000000000110001
1111111111111111
1111111011100111
1111111100100000
1111111111111110
1111111110101001
0000000010110000
0000000011110000
1111111011101000
1111111111011101
1111111001010100
0000000010110001
0000000000010100
1111111111011111
1111111101000000
0000000010010000
1111111011011111
0000000110010110
1111111111001100
1111111010100010
0000000100100100
1111111110100100
1111111111010010
0000000000001111
1111111110110001
0000000001100001
1111111110100111
0000000010010010
1111111100001010
0000000001110010
1111111100010111
1111111110101100
0000000001001000
1111111111111111
1111111110001110
0000000101110000
1111111101100100
0000000000111100
1111111110000010
0000000100001011
1111111110001011
0000000000000100
0000000111110111
1111111111101111
0000000001100011
1111111101000011
0000000010100001
1111111101111110
1111111101010001
1111111010010011
1111111110010101
0000000000100100
1111111111101010
1111111111111110
1111111110111001
0000000010101111
0000000000001100
0000000011111000
1111111101001011
0000000011111101
1111111110011000
0000000010011101
1111111011110110
0000000000011001
1111111011111101
1111111110010101
1111111110101011
0000000110110001
1111111101001010
1111111111101000
0000000000111001
0000000100001101
0000000100101101
1111111111100001
1111111110010110
0000000011111110
0000000010001000
0000000001010110
1111111101011010
0000000110001000
1111111110110001
0000000101011000
1111111111100110
1111111111110100
0000000000000101
1111111110111000
1111111111000010
1111111111100111
0000000001101010
1111111101110001
1111111110011100
1111111111010110
1111111011101101
1111111111010101
1111111111000001
1111111101001101
0000000000001001
1111111110000010
0000000001001101
1111111100111000
0000000000111111
0000000001000110
1111111010011111
1111111100011100
1111111110001111
0000000011010110
0000000001111000
1111111111110101
1111111111010111
0000000011101010
0000000101101010
0000000110000011
1111111100100100
1111111111000000
0000000001111000
1111111111101010
0000000000100000
0000000011110110
0000000010111010
0000000000001111
0000000010000101
1111111011100000
0000000011100001
0000000001011001
0000000000011001
1111111110101101
0000000010100111
1111111101101011
1111111110101100
0000000001001001
1111111100110110
1111111101111111
0000000011100110
0000000000011100
0000000000000010
0000000010101111
0000000000111110
1111111101101000
0000000000100111
0000000000100001
1111111110000110
1111111101011001
0000000010000000
1111111101000011
1111111111111000
1111111101001010
1111111111000110
1111111101110011
1111111111000001
0000000100110100
0000000001010101
0000000100101111
0000000100001101
0000000100010110
0000000001101110
1111111111010000
1111111011110001
0000000000011111
1111111110110001
0000000010000000
1111111101110111
0000000000111011
1111111101000101
1111111111110000
0000000011110100
0000000011110010
0000000011100110
0000000010110011
0000000001011010
1111111101001110
0000000001100001
0000000010001100
0000000010100000
0000000011011100
0000000011000100
0000000001100101
1111111101111011
1111111010110111
0000000010000011
1111111101011000
0000000001001100
0000000011011001
0000000000011111
1111111111111101
0000000001110011
0000000100011001
1111111101100000
1111111011111011
1111111100001100
0000000001111101
0000000000110110
0000000000101111
0000000001000100
0000000000011011
0000000001011101
0000000100010111
1111111110101011
1111111101011111
1111111010011011
0000000011000001
0000000000010100
1111111111010000
0000000011010011
0000000010000100
0000000011110011
0000000001010111
1111111110110100
1111111101011110
1111111011010010
0000000001110111
1111111000110101
0000000001110111
1111111011011111
0000000001010001
1111111110100111
0000000000101000
0000000010001101
1111111100011000
0000000010010110
0000000000111010
0000000011100110
1111111101100000
1111111111100101
1111111101010110
0000000010001100
1111111111100100
1111111101011101
1111111010011001
0000000001010101
0000000000100000
0000000111001110
0000000000111101
1111111110010111
1111111011111110
0000000010101111
1111111111111010
1111111110111111
1111111111001000
0000000010111110
0000000001100110
0000000101101111
0000000001111001
1111111101110111
1111111111011110
0000000100001101
0000000010111101
0000000100000000
1111111111010111
1111111110110010
1111111101011011
1111111111001000
1111111110100101
1111111110110110
1111111100111101
0000000011010000
0000000010110011
0000000011110011
0000000000101101
0000000010011011
1111111111100111
1111111110011011
1111111101100101
1111111101111100
0000000000111001
1111111111110101
0000000001100010
0000001000011110
1111111010110111
1111111001100110
0000000010111000
1111111111101100
0000000000110001
1111111100110000
1111111111011011
1111111010010101
