0000000100110010
0000000011110010
0000000000011101
1111111101100110
0000000010111010
1111111010011001
1111111101111010
1111111111010010
0000000000100100
1111111100100011
1111111101111001
1111111111011100
0000000011110100
1111111110001000
0000000001011001
0000000011110010
1111111101101001
0000000000100011
0000000000000010
0000000100101001
0000000010001100
1111111010010111
0000000010010010
1111111111010100
0000000000010011
0000000000011111
0000000101001110
0000000001100001
1111111110111010
1111111110101010
1111111101111011
0000000000101001
0000000000111100
0000000000110001
1111111111101100
0000000000110101
0000000001011100
0000000001010101
0000000100001101
1111111110010110
0000000001101001
0000000001111001
1111111110001011
1111111110000110
1111111101111100
1111111101100110
0000000000000000
1111111101110101
0000000011110100
1111111110100011
1111111000110110
0000000000101100
0000000010001111
1111111010101010
1111111111110101
0000000001110110
1111111010000111
1111111111101010
1111111111110011
0000000000110001
1111111100101111
1111111100110110
1111111100100001
0000000000001010
1111111011111011
0000000010000010
1111111011101111
0000000010001101
1111111101010010
1111111111001101
1111111101001111
0000000001000111
1111111001010110
1111111111011001
0000000010111000
0000000000111101
1111111101001110
0000000010000011
1111111111110010
0000000001001000
1111111011011000
0000000011110001
1111111101001100
0000000000000011
1111111111011011
0000000011111000
1111111101101000
0000000100000100
1111111111011010
1111111101101011
0000000000000010
1111110111010101
0000000001000000
0000000010001100
0000000000101110
0000000000000001
1111111011111101
1111111100101111
0000000010110101
0000000000000100
0000000011000100
1111111100101011
0000000011111001
0000000001100011
1111111101110001
1111111001000010
1111111101111111
0000000000110110
1111111100101111
0000000010010010
0000000101110001
0000001000011111
0000000101001011
0000000001111011
0000000000101010
0000000011010010
0000000010110110
0000000100110101
0000000010001000
0000000100000010
0000000000100100
0000000001010001
1111111101111011
1111111010110011
0000000000010111
0000000000000101
0000000011110110
0000000101010111
1111111100001111
0000000010001011
1111111101101001
0000000001101110
1111111111110011
1111111101011011
1111111111000001
0000000001011010
0000000001001100
1111111111110111
1111111010110011
0000000001011011
1111111111110100
0000000001010111
1111111111111111
0000000011010001
0000000000011111
0000000011001001
1111111110110001
0000000010101100
1111111100100010
0000000010000011
0000000011000111
0000000001101110
0000000011110010
1111111101111010
0000000011010011
1111111110110111
0000000000111101
0000000011111110
0000000001101110
0000000000010001
0000000000010001
1111111111111001
1111111110001101
1111111111011010
0000000000010110
0000000001011110
1111111101000001
0000000100010100
0000000010110011
1111111110100011
0000000000111001
0000000011011001
0000000101010100
1111111111000110
0000000001001111
0000000010011011
0000000101101111
1111111111000010
1111111111110111
1111111111001100
1111111101100110
0000000101111001
1111111110011111
1111111110010111
0000000011110111
1111111111011001
0000000000011001
1111111010010011
0000000001010001
1111111111001001
1111111101000001
1111111100100001
1111111111000000
0000000000001011
0000000001000101
0000000001111100
0000000010001110
0000000100001000
0000000000000000
0000000000011000
1111111110110100
0000000001111110
1111111110001110
0000000101111010
1111111110000011
0000000000011101
1111111011011101
1111111110001101
1111111110000110
1111111100101000
1111111101010001
1111111011010001
1111111101111111
1111111110001010
0000000000001111
1111111110110010
1111111110111011
1111111011011110
1111111111000000
1111111100100000
1111111010011010
0000000010010010
1111111110011001
1111111100111001
0000000010101101
0000000000001010
1111111111001100
1111111011101111
1111111110001111
0000000011000000
0000000001000100
1111111110000000
0000000101001110
0000000011000010
0000000011011110
1111111111011000
0000000100011011
1111111110111010
1111111111110010
1111111101110110
1111111111000101
1111111110110110
0000000000001010
1111111111100110
0000000010001011
0000000100000000
0000000010011010
0000000001001111
0000000011011000
0000000010011010
1111111011101011
1111111101100010
1111111100010100
1111111010011001
1111111111100000
0000000000110111
1111111011111011
1111111111011001
1111111111101010
0000000000101100
1111111110011101
1111111111011011
1111111111100000
1111111101111000
0000000001001100
0000000001111111
1111111110100001
0000000100010111
1111111101001101
1111111100100010
0000000100000001
1111111110010010
1111111110010111
0000000000000010
0000000110100100
1111111111001111
0000000100101010
1111111111110101
0000000010001110
0000000000010101
1111111111100000
0000000000101011
0000000011100000
1111111111111110
1111111110001101
1111111011011101
0000000010010001
0000000000111101
0000000010101110
0000000010010001
0000000001111011
0000000001001001
0000000000001110
1111111011001000
0000000001100010
1111111010110100
0000000010110000
1111111111101010
0000000010101111
0000000110010011
0000000001110101
0000000000011000
1111111010011010
1111111101010010
0000000010010010
0000000001111101
1111111110110100
1111111110001101
0000000001000000
1111111111001011
1111111111110101
1111111101001100
0000000000010100
1111111101111001
0000000000111100
0000000010001101
1111111100010100
1111111100011101
1111111011111110
0000000010010101
1111111111010010
1111111101101010
0000000000001010
1111111110001000
0000000001000100
1111111010101101
1111111100110000
0000000000101110
1111111110011000
1111111101111101
0000000001010100
1111111111111001
0000000010011101
1111111101100111
1111111101110000
1111111111111111
1111111110100110
1111111111111000
0000000010011001
0000000110010010
0000000001000001
0000000010101110
0000000101111110
1111111111011011
1111111001010101
0000000010001100
0000000000100110
0000000110010001
1111111011110111
0000000000101011
1111111101000101
0000000000101100
1111111101110110
1111111101000110
1111111111111000
0000000010001100
1111111101100011
1111111101011000
1111111110110010
1111111101111001
0000000011011000
1111111110100011
1111111110010101
0000000001110100
1111111111001110
1111111111010100
1111111111101001
0000000000001010
1111111111110010
1111111111100101
0000000010111011
0000000001001010
0000000001001000
1111111110110111
0000000100000101
1111111100100110
1111111111101110
0000000010001001
1111111100110111
1111111101110110
1111111100010100
0000000011011011
1111111100000111
1111111110110001
1111111101100111
0000000000110011
1111111111110101
0000000011010001
0000000000111101
1111111111010111
0000000100010110
1111111110010101
1111111111001000
1111111111001110
1111111111101100
1111111100101000
1111111101100001
0000000001100011
0000000000101000
1111111110011001
0000000010010001
1111111110011110
0000000010011100
1111111010110010
1111111100001010
0000000010011010
0000000011001000
1111111110100110
0000000100000100
0000000100100100
0000000000101000
1111111110111000
0000000001001111
1111111100011011
0000000101010000
0000000010100011
0000000001010000
1111111101100100
1111111110111000
1111111110011010
0000000011001000
1111111111011000
1111111110010101
0000000000100101
0000000101100000
0000000010101111
1111111111000011
1111111110110101
0000000011000011
0000000010101010
0000000000000101
0000000100110001
1111111111100001
1111111010010010
1111111110011000
1111111101011010
0000000001001111
1111111111101101
0000000001111110
1111111111001100
1111111111110101
1111111110100001
1111111111110010
1111111001101001
0000000001111110
0000000000010000
1111111100000001
1111111110111110
0000000011001101
0000000010001101
0000000001000000
1111111001010111
0000000000111100
1111111111001000
1111111101000000
0000000010110101
0000000001001011
0000000010100111
0000000000011011
1111111111010001
0000000010001101
0000000000001010
0000000100010001
1111111111100001
0000000011010000
0000000000110010
0000000011010110
0000000001101110
1111111111111010
1111111110110110
0000000000110100
0000000000001110
0000000001011100
0000000010011101
0000000001101110
0000000010000101
1111111110111100
1111111101100001
0000000100110011
1111111111000000
0000000000100111
0000000000100110
1111111100110110
0000000100101011
1111111111001101
1111111110010101
1111111110010000
1111111110011011
0000000010000010
1111111101100000
0000000010011011
0000000001110001
0000000001111001
1111111011001010
1111111111111111
1111111111110011
0000000000100010
1111111111011010
0000000001010000
0000000100011111
1111111110101110
1111111100011001
1111111111100001
0000000000000111
1111111110101100
1111111010100010
0000000011111100
0000000001000010
0000000100011110
1111111100100001
0000000010111101
1111111101100001
