0000000001111101
1111111111010110
0000000000100011
1111111100001011
0000000011111101
0000000001110011
0000000001010010
0000000010010001
1111111101110001
1111111101110100
0000000001001111
1111111101101011
1111111111111001
0000000001000000
0000000100000000
0000000000010111
1111111101110011
1111111111000011
1111111101001001
0000000000100000
0000000100100010
0000000010001110
1111111110000110
0000000010010111
0000000011001001
0000000100011000
0000000010011110
0000000000000110
1111111101000001
1111111110011010
0000000011001101
0000000010010100
1111111011001100
1111111111101111
0000000101100001
0000000100000010
1111111011011110
1111111100111101
1111111101110101
0000000000010000
1111111110100000
0000000001111000
1111111111011011
0000000100101110
0000000010011101
0000000001011000
0000000000100000
1111111100101001
1111111011011010
0000000000000100
0000000100101110
1111111110001100
0000000011010111
1111111101110011
1111111101111111
1111111111010101
1111111011001100
0000000011011001
0000000110001111
0000000000000100
1111111110010000
0000000001010011
0000000110111101
1111111101100001
0000000011010011
0000000011111010
1111111111000100
1111111100000001
0000000010111011
0000000010010111
0000000010101011
0000000101001100
1111111111100101
1111111110001010
0000000000001101
0000000010110101
1111111111011100
0000000010001110
0000000000100011
1111111101001011
1111111001101101
0000000000010110
1111111101100011
1111111110011100
0000000100011001
0000000001101001
1111111110100010
0000000011000100
0000000101110010
0000000000010010
0000000100100110
0000000011011101
0000000010000001
1111111110011001
1111111001111111
0000000001111011
0000000000100011
0000000010100100
1111111110011101
1111111001001010
0000000010111000
0000000011001010
0000000001010111
1111111101011011
0000000001001110
0000000010101110
1111111100100100
0000000001111000
0000000010000000
0000000001000000
0000000000011110
1111111101001111
1111111110010100
1111111011001000
1111111110101101
1111111110001110
0000000110001001
1111111110101001
0000000011000001
1111111110011011
0000000100110100
1111111101001001
1111111111011001
1111111110101001
0000000001011010
1111111111110111
1111111010010010
1111111001011011
0000000010100000
0000000000000001
1111111011010101
1111111110000011
1111111110001000
0000000000100110
0000000100001000
1111111111110011
1111110111110001
0000000010001011
1111111110011101
1111111011001011
1111111100000100
0000000010110111
0000000000000011
0000000110011111
1111111110010101
1111111101001010
1111111101110111
0000000010011000
0000000011101101
1111111111111000
0000000100000100
0000000101010101
1111111110111010
0000000011010101
1111111101000101
1111111101001001
1111111100010000
0000000110110001
1111111110010001
0000000010010001
1111111111101111
0000000101101000
1111111110011111
0000000011101000
0000000001101000
0000000110100000
0000000001010000
1111111110101101
1111111010011111
0000000000001010
0000000100110010
0000000000000000
0000000100101110
1111111011001101
0000000101011111
0000000010011010
0000000011001101
1111111001000110
0000000001001000
0000000111110100
0000000000101001
0000000000000000
1111111110000110
0000000011010100
0000000000101111
1111111101110001
1111111101010100
0000000001110111
0000000001100011
1111111111010000
0000000011001000
1111111111101011
1111111110010101
1111111101111011
0000000001011100
0000000010001111
1111111110100001
0000000100111001
1111111011101000
0000000000000001
0000000011010000
0000000010000100
0000000010001111
1111111110110001
0000000010111010
0000000010001010
1111111101011111
1111111110100111
0000000001011011
1111111110001011
1111111111111011
1111111110001110
1111111111010101
1111110111100011
1111111010100010
1111111100101100
0000000000011110
0000000010110110
0000000000010101
1111111111110101
0000000011000010
1111111110100001
1111111111010100
0000000100001110
0000000000111001
0000000000000101
1111111110001010
0000000001011000
0000000000100000
1111111110100100
0000000010001000
0000000110000001
1111111100101100
0000000001111100
0000000011110100
0000000001100110
0000000000011101
1111111110100110
1111111111001010
1111111011010110
0000000100001001
0000000001001011
0000000101010001
1111111111101110
1111111110001110
0000000001011011
0000000000010000
0000000010011000
1111111001110001
1111111011101011
1111111011001111
0000000011110001
0000000001001010
1111111111001011
0000000010101110
1111111111110101
1111111111010100
1111111110101110
0000000100011011
1111111111000011
0000000001001010
1111111110101011
1111111101110111
1111111001111100
1111111110110111
1111111101011011
0000000011011101
0000000010001100
1111111111011100
1111111101110110
0000000001101100
1111111110000011
0000000000110010
1111111110000000
1111111110101111
0000000011110101
0000000000101101
0000000011101110
1111111100101110
0000000001001100
0000000010111001
1111111111011001
1111111011110101
0000000001011010
1111111110001001
0000000001011100
0000000001111111
1111111111001110
0000000100101101
1111111011110110
0000000011001001
0000000011010110
1111111111111101
1111111101100110
0000000010101111
0000000011100100
1111111111011011
0000000000110111
0000000010010000
1111111100010011
1111111011110101
1111111010111010
1111111100101001
1111111111011110
1111111110010011
1111111110101011
1111111111001010
1111111111100001
0000000110111011
1111111101001000
0000000101110011
1111111100001000
0000000000011011
0000000001111001
1111111011111110
1111111101110011
1111111110000100
0000000011001100
0000000011111101
1111111101110110
1111111001111010
1111111101010011
1111111111011011
0000000100010111
0000000001101010
1111111010100110
0000000001011110
0000000000010001
0000000010011110
0000000011010001
0000000010101000
1111111011100100
0000000000001010
1111111100011110
1111111111011011
1111111101011000
1111111111001001
0000000011011001
0000000010100101
0000000001101111
1111111100011101
0000000001100010
1111111101000110
0000000100111110
0000000010000101
0000000010111101
0000000001111001
1111111110000011
1111111100100010
1111111110010000
0000000001010010
0000000010000011
0000000011100000
1111111111100101
1111111101111010
0000000001000010
1111111110010100
0000000001010011
1111111100000101
1111111110110111
0000000011101111
1111111101101010
0000000001111100
1111111100001010
0000000100011110
1111111101100001
1111111111111011
0000000001101000
0000000001100011
0000000011010000
1111111111000001
1111111110011101
1111111110011101
1111111101100010
1111111110101100
0000000000011010
0000000000011111
1111111011001000
0000000011001101
0000000001010101
1111111111101000
0000000100101111
0000000010100101
1111111110010001
1111111011000110
1111111111010001
1111111111001101
1111111101000101
0000000010110111
0000000010010010
1111111111010100
1111111110110110
0000000001100000
0000000011000110
1111111100111100
0000000001101101
0000000001111110
0000000001010100
1111111010011011
0000000000000110
1111111101101111
1111111110110101
0000000001100111
1111111011100111
1111111110111010
0000000010111000
1111111110100101
0000000011110000
1111111101111100
1111111110101100
0000000011010110
0000000101100100
0000000100101111
1111111101010111
0000000001110000
0000000001000001
0000000001110000
0000000000110000
1111111101101100
0000000001000011
0000000001000110
0000000011110000
1111111110000101
1111111100011100
1111111101111100
1111111101110110
1111111111011011
1111111111101101
1111111011011000
0000000100011001
1111111110011110
1111111101111111
0000000000110001
0000000000101100
0000000010010111
0000000000000111
0000000010001001
1111111101000111
0000000000000100
0000000110011000
1111111110100000
0000000011100100
0000000000010010
1111111011001110
1111111011101011
0000000001100100
1111111100001111
0000000011011101
1111111101011111
0000000000001001
1111111110100010
1111111111110010
1111111111001111
0000000100000000
0000000011000100
1111111101110000
0000000000001001
1111111110110100
0000000011110011
0000000001111111
1111111111010110
1111111110001001
0000000000110111
0000000000011000
1111111111001101
0000000001110110
1111111111011110
1111111111100101
0000000001010111
0000000010010000
1111111111110010
1111111011010001
0000000001101100
1111111111001000
0000000001011111
1111111101111111
0000000011101101
1111111110101111
0000000000001000
0000000010010111
0000000000001111
0000000001111011
0000000011000010
0000000000001100
1111111110101111
0000000000100011
1111111101010100
1111111011101011
0000000000110110
1111111101111011
1111111010010001
0000000010011010
1111111111011011
0000000001011101
1111111111110011
1111111101110011
1111111111001110
1111111111101010
1111111110010100
0000000000000101
0000000000010110
1111111101000000
1111111110001100
1111111111000001
1111111110011111
0000000010100011
1111111101011011
1111111111001110
0000000000101010
0000000000000011
0000000001000000
0000000001111100
