0000000010110101
0000000001001110
1111111101101100
1111111101100010
1111111111110110
0000000100010001
1111111111010111
1111111110011000
1111111111010101
1111111011100001
0000000011010001
1111111110000100
1111111110101101
0000000000000111
0000000100111111
1111111010100001
1111111110111001
1111111110100010
1111111110001100
0000000010111000
1111111111101000
1111111110111101
1111111001010010
0000000101011100
1111111111110011
0000000001111011
0000000011000011
0000000000101110
0000000011100100
0000000100000001
1111111011000001
1111111101010001
0000000001000101
1111111111010101
0000000010011101
0000000000000000
0000000010001010
1111111110111001
0000000010100000
1111111110001100
0000000000000100
1111111100001101
0000000010110110
1111111111011111
1111111101100001
0000000100010111
1111111001100110
1111111111101001
0000000101001000
1111111101010000
1111111111110110
1111111111001000
0000000001100100
1111111111111100
1111111100111011
0000000000110010
1111111110001101
0000000010001110
1111111011100000
1111111010001111
1111111111010110
0000000011010111
1111111100010101
1111111111110100
1111111101100100
0000000001011010
1111111111010111
1111111110000100
1111111101000011
1111111110000110
0000000000111111
0000000010110010
0000000000100100
0000000100011011
1111111110011110
1111111010011010
1111111101101110
0000000110001110
1111111111100011
1111111110011111
0000000001100000
0000000001011011
0000000010110110
1111111111101100
0000000001001000
0000000010011001
1111111110000000
0000000000101001
1111111110010110
1111111110111110
1111111110100010
0000000001110000
0000000000100111
1111111111100001
1111111101101110
1111111110100000
1111111011110000
0000000000101011
0000000000000010
0000000001010000
1111111010100001
0000001010110001
1111111111001101
0000000000100101
1111111111110010
0000000011010011
1111111011101101
1111111111000010
0000000001000100
1111111111011100
1111111110111001
1111111111111110
0000000000111100
0000000101101101
1111111100111001
0000000010101100
0000000000001001
0000000100011101
1111111110101111
1111110110001001
1111111101111110
0000000010001100
0000000001000111
0000000010100011
0000000011101110
0000000100001001
1111111111101000
0000000001110111
1111111111001000
0000000111000001
1111111111110001
1111111110111011
0000000100100110
0000000010001010
0000000011101101
1111111110101001
1111111110110100
1111111111010011
0000000010110000
0000000001011010
1111111100000011
0000000010011000
1111111101110100
1111111111001011
1111111111000101
0000000000000011
1111111100011000
1111111011100100
0000000001001101
0000000000101000
1111111111110011
1111111110101110
0000000100010100
0000000010110100
1111111110100000
1111111101000011
0000000001100001
1111111101110010
1111111100111100
0000000011010010
1111111100011010
1111111110100000
1111111111011101
0000000100110101
1111111110010011
1111111011100110
1111111111111011
0000000100010100
0000000111011100
1111111111000010
1111111100010100
0000000010010100
0000000001010110
0000000000101111
1111111101111011
0000000010101101
0000000101101000
1111111111110110
0000000000000001
1111111111100000
1111111111010010
0000000010011111
1111111100101001
1111111110111100
0000000010111010
1111111110000111
0000000001110010
1111111110000001
1111111011011111
0000000001000111
0000000000011000
1111111011000000
0000000000011111
1111111100011111
1111111111101011
0000000000001111
0000000101001111
0000000000110110
0000000000100011
0000000000001111
0000000000100011
1111111111010011
0000000000010010
1111111111011011
0000000001001001
0000000001110111
1111111011000000
1111111111101000
1111111111010101
0000000001001011
1111111111011101
1111111110000010
0000000001010100
1111111100110110
1111111100100100
0000000001010111
1111111101110001
1111111111110110
1111111100000101
1111111110110110
0000000000001001
0000000000100101
0000000011100000
1111111111001110
1111111100010010
0000000011111010
0000000011000011
1111111111011000
1111111100010100
1111111110011000
0000000001010001
0000000001110001
0000000010001110
0000000010111001
1111111101101111
0000000000011001
0000000001010100
0000000100001011
0000000010101000
0000000001011001
1111111101101100
0000000000101011
0000000001111100
0000000100101001
0000000000001110
1111111111011100
1111111111110001
1111111110111010
1111111100100100
0000000001001111
0000000001101110
0000000000101110
0000000000101101
0000000010001110
1111111110100011
1111111110000100
1111111101101011
0000000011000001
0000000010101110
1111111111001001
1111111101101111
0000000000001010
1111111110001101
0000000010000110
1111111110000000
0000000010100111
1111111110000101
1111111111100111
1111111111101000
0000000010001100
1111111100010011
1111111100001011
1111111100100010
0000000011010011
1111111111101111
0000000010000011
1111111100011010
0000000100011011
1111111111100111
1111111110100100
0000000001011110
0000000010100110
1111111101111110
1111111101001111
0000000010000000
0000000000011011
1111111111101100
1111111101111111
0000000010010000
0000000010011111
0000000011110001
0000000010100000
1111111111011010
0000000000111101
1111111110010101
1111111111011101
0000000001111110
0000000011001001
0000000011000100
0000000000111011
1111111101010101
1111111111000010
1111111100101111
1111111110000100
0000000000011010
0000000001010111
0000000001010001
0000000010110101
1111111100001001
0000000010001001
0000000000001001
1111111111000100
0000000010111010
1111111100101001
0000000000110000
0000000011101100
1111111111011001
1111111101100100
1111111111110110
1111111101010100
1111111011110101
0000000000001101
1111111011101010
1111111100011100
1111111100111111
0000000101110111
1111111011110111
0000000000010110
1111111100100000
1111111111100111
1111111110111111
1111111101101000
0000000010001011
0000000010100100
0000000000110100
0000000011010011
0000000000010000
1111111111000011
1111111100000101
0000000000011111
1111111100101001
1111111100100110
1111111111111111
0000000000110011
0000000011111110
0000000011011000
0000000101001000
0000000100010000
0000000011000000
0000000001011101
0000000001001010
0000000001011101
1111111110101101
1111111011111001
0000000000111101
1111111111110110
0000000010101001
0000000000111101
0000000000001000
1111111110011001
0000000010111101
0000000000111001
0000000100100100
0000000001011011
1111111110101011
0000000011100110
0000000100001100
0000000000111111
0000000010000000
1111111110001000
1111111111111100
0000000110101110
1111111100110110
1111111111110011
0000000101000101
1111111011111001
1111111111111001
1111111100000110
1111111110011111
1111111110001010
1111111101001010
0000000010010010
0000000010011000
0000000000100100
0000000011010111
0000000100001100
1111111110011100
0000000010110001
0000000010010101
0000000010101100
1111111101100010
0000000001001101
1111111111011110
1111111111010010
1111111101010001
0000000010010101
0000000000110001
0000000010011100
1111111101111011
0000000010110010
0000000001011011
0000000000010110
0000000010011001
1111111011110110
0000000001111001
1111111101011000
0000000011010100
1111111100111101
0000000101110001
1111111101111111
1111111011100011
0000000100000111
0000000001110010
1111111111010010
0000000010010000
0000000100001001
0000000000000010
1111111110100111
1111111011111110
0000000100010011
1111111101100000
1111111111100100
1111111111000101
1111111111110011
1111111111010001
1111111010001010
0000000001011110
0000000000010101
1111111110000101
1111111101000000
1111111110101011
0000000100011101
0000000000001000
0000000000111111
0000000001100000
0000000011100001
0000000000011100
0000000000010001
1111111111000111
0000000011001110
0000000101000100
1111111111111111
0000000001110011
1111111111101010
1111111101001010
1111111011100011
0000000001111010
1111111111001001
0000000011000111
0000000100110110
1111111100011010
0000000000101111
1111111101110111
1111111111100101
1111111110110000
0000000000000011
1111111100010100
1111111101101000
0000000011010001
1111111111000010
1111111101011001
0000000010001000
0000000000000000
1111111100011001
1111111111000111
0000000011001001
0000000010010001
1111111111101000
1111111101110010
0000000000011100
1111111100101001
1111111110011111
1111111110100110
1111111011100100
1111111111010000
1111111011110100
1111111100010001
0000000010010111
1111111110001001
0000000001011111
0000000000000010
0000000011110010
0000000001110101
1111111110000101
0000000001100101
0000000010101001
0000000001011101
1111111110101101
0000000000011011
0000000011000111
0000000001110100
1111111011011111
1111111111101101
1111111011001010
0000000011000001
0000000000100011
1111111110001011
1111111101010111
0000000010000010
1111111101111111
1111111101100101
0000000001000001
1111111001100100
1111111111000000
0000000100011110
1111111100110100
1111111110101110
0000000001111110
0000000000000100
1111111010101000
1111111110111100
0000000000101001
