0000000000010000
1111111111010110
1111111111001000
1111111111001001
1111111111011110
0000000010010110
0000000000110100
0000000011100110
0000000011100001
0000000011001001
1111111101101011
1111111110100010
1111111110110000
1111111110111011
0000000001100010
1111111110010101
1111111110100101
1111111101101001
0000000011000000
0000000100101110
0000000010011101
1111111110011000
0000000000000101
1111111100110001
0000000010100001
0000000000001110
1111111101110010
0000000001100010
0000000000011110
0000000000000111
1111111111001111
1111111110100011
0000000000000010
1111111111010000
0000000100101101
0000000001011100
1111111101111100
0000000000010011
1111111011011001
0000000000000000
0000000010100010
0000000001000001
0000000000111101
1111111111101001
1111111110001010
0000000000001110
0000000001111000
0000000010100010
1111111101001111
1111111110001000
1111111111101011
1111111101011101
0000000001001011
0000000000001011
1111111110010011
1111111101101011
0000000001000000
1111111111100111
1111111110111110
1111111111010001
0000000111010110
0000000000010101
0000000011011110
1111111000100100
0000000010100001
1111111111001010
1111111101101100
0000000011111000
1111111101111100
1111111111101011
1111111110001110
0000000001110110
0000000000001001
0000000000100001
0000000011001101
1111111110111101
1111111110101001
0000000001110010
0000000011000001
0000000001101111
0000000000000101
1111111110111101
0000000000011101
1111111100011101
0000000000101110
1111111010000100
1111111101101110
0000000000100000
0000000000101110
1111111101001100
1111111111100110
0000000010010010
0000000011000000
0000000001001110
1111111111110100
1111111010111111
1111111111101110
0000000010101011
0000000110100011
0000000010010010
1111111100011011
1111111111100111
0000000001001100
1111111101100000
1111111110001000
1111111111101010
0000000001011110
0000000010011010
1111111110001010
0000000010010111
1111111110101011
0000000011011101
0000000001110101
0000000000111011
1111111111100010
1111111111100101
0000000010101010
1111111101011100
0000000000010111
1111111111101010
0000000010001000
0000000010110010
1111111010011000
0000000011111101
0000000011000111
1111111110011001
0000000101000111
1111111111100100
0000000000001011
1111111111100111
0000000110010110
0000000010110110
0000000011110110
1111111100111110
0000000101111010
1111111110100111
0000000000010100
1111111110110000
0000000010110000
1111111111010000
0000000001000010
0000000010100011
1111111110011101
1111111100110001
1111111110000010
1111111110001010
1111111110110000
0000000000110101
0000000001011001
1111111110110011
0000000011011100
1111111111010000
0000000100110110
0000000101001100
1111111110000011
1111111111110001
0000000001110100
0000000000010101
1111111101000111
0000000000111010
1111111100010001
0000000010100101
1111111101010010
0000000011000111
1111111011111000
0000000010010111
1111111011001100
1111111110000100
0000000011101011
0000000101010110
1111111100010001
1111111111100010
0000000000110101
0000000000111000
0000000000010000
0000000000101101
1111111111000110
0000000100000011
1111111111101110
1111111111010100
1111111110011101
1111111110100000
0000000101000111
0000000000011000
1111111011101010
1111111011011110
1111111100000000
1111111010100001
0000000010011001
1111111101100101
1111111110010110
0000000001011101
1111111111110001
1111111011000111
0000000011010100
1111111111101010
1111111101111000
0000000000111110
1111111111111100
1111111111110000
0000000001011001
1111111110100101
1111111110100101
1111111110100110
1111111100010010
1111111100111000
1111111101100100
0000000001101001
0000000010100011
1111111011101110
0000000001000001
0000000000011000
1111111011110110
0000000010110110
0000000110001000
1111111100110000
1111111101110101
1111111111001011
0000000010110110
1111111111001111
0000000011110111
0000000010000100
0000000111011101
0000000000110000
0000000001100000
0000000000101011
0000000001111111
0000000100111010
1111111110111010
1111111101010001
0000000010110001
1111111000111011
0000000011010000
0000000001110101
1111111100000011
0000000010001010
1111111101100010
0000000011100001
0000000000101101
0000000000011110
0000000010000101
0000000010001000
1111111001001111
1111111110110110
0000000001011000
0000000010011111
1111111101011001
1111111111110100
1111111110101010
1111111110001100
0000000110011101
0000000001100111
0000000011011000
1111111111001100
1111111111101100
1111111001000110
1111111111010111
1111111001100110
1111111111111100
1111111111000111
0000000000000111
0000000100110000
1111111111100101
1111111110111101
0000000001111100
1111111111000011
0000000001101100
0000000100001010
0000000010110000
0000000001010110
1111111111111001
1111111100100011
1111111111011110
1111111011110011
0000000001111110
1111111111111001
0000000011111001
1111111110000111
0000000010101011
0000000001010101
0000000000010001
0000000000011000
1111111100010111
0000000011011000
0000000001100110
1111111110100011
0000000001010100
0000000001001100
1111111011110101
1111111110010101
0000000000100010
1111111110011101
0000000100100000
0000000001100010
0000000010101110
1111111101010101
0000000001110001
1111111110001110
1111111001101010
1111111111111000
1111111011101110
0000000001101011
1111111111011101
1111111111000000
0000000011010001
1111111101001010
1111111011100111
0000000000000111
1111111010000100
1111111110111010
1111111100100010
0000000000101100
0000000011000110
1111111110111000
0000000010001010
1111111011010011
1111111111011001
1111111110101000
1111111100010111
0000000001011010
1111111110011101
1111111110000000
0000000010111011
1111111110111011
1111111100001001
1111111100000010
1111111110000011
0000000000111011
0000000000100011
1111111101001001
1111111111111001
0000000010110100
1111111111111000
1111111111110111
1111111110011111
0000000010100001
1111111111101110
0000000001000000
0000000011001100
1111111111001011
0000000000001011
0000000100100100
0000000000010101
1111111011111101
1111111100011000
1111111111110111
0000000000101000
0000000011111010
0000000001010010
1111111110010000
1111111111010100
0000000111111001
1111111100010010
0000000010111001
0000000000001100
0000000010010010
1111111101110011
0000000011001000
1111111010011111
1111111010000001
0000000001111101
1111111110110110
1111111110011011
0000000001100101
1111111101101001
1111111110101010
1111111111101111
0000000010101101
0000000001011001
0000000001001111
1111111101000101
1111111100010110
1111111100010101
0000000110010000
1111111101000101
1111111110010011
1111111110000010
1111111111110101
1111111100110101
1111111111011110
0000000100101110
0000000101000111
1111111110101010
1111111101111001
0000000101001011
0000000001110111
0000000000100010
0000000101011111
1111111110010010
1111111101111111
0000000010110001
1111111100001000
0000000100001111
0000000010101101
0000000101011111
1111111110110110
1111111111110101
0000000011010101
1111111111010110
0000000010111000
1111111111110010
1111111101000100
1111111111001111
1111111100001111
1111111110111011
0000000100110001
1111111111011000
1111111110111001
0000000001101100
1111111011011111
1111111110101000
1111111111111001
1111111110111001
1111111101110011
1111111111010110
1111111111111000
0000000000111111
1111111100100010
1111111101110101
0000000001010101
0000000010011111
1111111101011010
1111111101100000
0000000101100001
1111111110000010
0000000101011111
1111111100101010
1111111011011011
1111111011001110
0000000001110010
1111111100001101
0000000011110001
0000000000111110
0000000011111010
0000000000000100
0000000011111110
1111111101101010
1111111111110110
1111111110110000
0000000100100000
0000000001000001
0000000000110001
1111111110110000
1111111001011001
1111111010100011
1111111011110101
1111111111000100
1111111100001011
0000000000101100
0000000010001110
0000000011111111
0000000011000001
1111111111110000
1111111110000001
1111111100110110
1111111011010110
0000000010110010
1111111110100110
1111111100100000
0000000000011000
1111111100001000
0000000001101000
1111111111111011
0000000101010111
0000000010000011
1111111101000000
0000000011011111
1111111111000000
1111111111000110
1111111101011011
0000000000001010
0000000000000000
1111111110110001
0000000010110000
0000000000110100
0000000010101011
1111111101010110
1111111101111101
1111111011010101
1111111110011010
0000000011011110
0000000100000000
0000000001010001
0000000011010111
0000000000011111
0000000001111001
0000000000100011
0000000000001101
0000000000011000
1111111110110001
0000000001110110
1111111101011111
0000000010011111
1111111001110100
0000000010110100
0000000001110000
0000000000100000
0000000001111001
1111111111101101
0000000001001010
0000000001100001
0000000100001000
1111111110000001
0000000010010101
1111111101001111
0000000011001010
0000000000110011
0000000000111110
1111111001111011
1111111101011110
1111111011110000
1111111110101100
