0000000101101110
0000000010110010
0000000010111111
0000000000100100
0000000000101111
0000000000011011
0000000000010111
1111111101101010
0000000101001110
0000000101100010
0000000000011000
0000000011100010
1111111110100110
0000000011101110
1111111111011010
0000000001011101
0000000000111110
1111111111001101
0000000001001000
0000000000001111
0000000010101111
0000000010001001
0000000000010110
1111111100011100
0000000000110100
0000000011111010
1111111011011110
0000000000000101
0000000010110000
0000000000110101
0000000001010110
1111111100110100
0000001001000011
1111111101111011
1111111111100000
1111111011011001
0000000101111110
1111110111100100
0000000100011011
1111111111111010
0000000010100010
0000000100001010
0000000010101001
0000000010100000
0000000000011010
1111111110101111
0000000111001111
1111111111000010
0000000000111111
0000000000010000
0000000000000000
1111111110111100
1111111100100011
0000000000011011
0000000010111001
1111111111010110
1111111110001001
0000000010010000
0000000100000100
1111111101101100
0000000100110111
0000000010110101
0000000010101000
1111111110011111
0000000000110010
1111111110000111
0000000011011101
1111111111101000
1111111101101110
1111111100110001
1111111111111111
0000000011101010
1111111101111011
1111111101100000
0000000001010010
0000000001101010
1111111101011111
0000000000101000
0000000001000010
0000000001000111
0000000001011110
0000000010010101
1111111111001100
1111111110110111
0000000000000100
0000000001101100
0000000000111001
1111111101110010
0000000001011100
0000000000100000
0000000000010000
1111111100101101
0000000000010011
0000000001011101
1111111100010110
0000000100000100
1111111110111110
1111111100100010
1111111101001000
0000000010101100
1111111111101001
1111111111110010
1111111010001000
0000000001000101
1111111111001110
0000000001000111
1111111101001010
1111111111011010
0000000001011111
1111111100011100
1111111101111010
1111111101000100
0000000000100111
1111111101100110
0000000010111100
1111111100011111
1111111111001111
1111111011000110
0000000101101011
1111111111101000
1111111110010001
1111111111000101
1111111111011011
0000000100000010
1111111001101111
1111111110101110
1111111101010000
0000000000010100
1111111011101011
0000000100011001
0000000001111100
0000000000111000
0000000000000101
1111111001110111
0000000001010000
1111111100110010
1111111110011100
0000000000111000
1111111101110010
1111111110101010
1111111110110101
0000000011101111
0000000011110100
0000000101001101
0000000001000110
0000000010011001
0000000101011011
1111111111011011
0000000000111010
0000000001110101
1111111111000011
1111111100111100
0000000011010110
1111111101010001
0000000000100001
0000000001101001
1111111110000100
1111111100111001
1111111110110111
0000000010101111
0000000011101101
0000000001000001
0000000011100001
0000000010100011
1111111001000111
1111111101100101
1111111111001010
1111111101010001
1111111110111111
1111111100100011
1111111101000000
0000000001011010
1111111101101110
1111111110101101
0000000100100000
0000000000100010
0000000000101010
0000000010000000
1111111100110101
1111111011001001
0000000011011001
0000000001110011
1111111101001000
1111111110001001
1111111101010101
1111111111000101
0000000011010000
0000000000010111
1111111111101000
1111111111011010
0000000000010100
0000000000101010
1111111111111001
0000000000001011
1111111111001111
0000000100000111
0000000010000001
1111111110101111
0000000010110001
1111111100001001
0000000001000100
0000000101010110
1111111110110100
1111111111011110
0000000000111100
1111111010110000
1111111101110001
0000000001010101
0000000011011100
1111111111000110
0000000001100111
1111111011100110
1111111010111111
1111111010001000
0000000011001010
0000000011000011
1111111101010100
0000000100010001
0000000000010101
1111111110000011
0000000011100010
0000000001001000
1111111111000111
1111111111010101
1111111001111111
1111111110000010
0000000011010000
1111111111001011
1111111011101011
0000000000101110
1111111110101101
0000000001010010
1111111011000101
1111111111100011
0000000000010100
0000000000111000
1111111110111010
1111111111110000
0000000110001011
0000000011011010
0000000001101001
1111111010111111
1111111100010101
0000000010011011
0000000001001000
1111111111111100
0000000110100001
0000000010111010
0000000001011011
0000000100010111
0000000011001101
1111111011011000
1111111110111101
0000000111101111
0000000010100111
0000000001111111
0000000011011010
0000000000011111
1111111011000101
0000000000101011
1111111100111110
0000000011101001
1111111101111111
0000000001000101
0000000000100011
0000000011110000
0000000001011011
0000000001100101
1111111101101000
0000000001011001
1111111011101100
1111111111010101
0000000100101010
1111111011111101
1111111101001010
1111111111010110
0000000000111100
0000000101110011
0000000000001101
1111111111011010
0000000011110111
0000000000101111
0000000100001010
0000000000011000
1111111110111111
1111111111000010
0000000000000100
0000000000001101
1111111110001010
0000000001110010
0000000001010000
0000000010001010
1111111110110101
0000000001000100
1111111111111001
0000000101101010
1111111101010011
1111111111100100
0000000000100100
1111111100111110
0000000010100011
1111111111011110
0000000001000011
1111111101111101
0000000000001000
0000000001010101
0000000000011110
1111111111010100
0000000010110101
0000000001001011
0000000000111100
0000000001100001
1111111110110011
1111111100010110
0000000110000111
1111111101010100
1111111100000010
1111111100101110
0000000001001111
0000000000110000
1111111100100101
0000000001101100
1111111111110100
0000000011010110
0000000001100110
1111111111010010
1111111011100000
0000000100000101
0000000000000001
0000000000001101
1111111010010111
1111111111011111
0000000010011010
1111111110101110
0000000100110000
1111111101010001
1111111111011100
1111111111000100
1111111101111110
1111111101000101
1111111111111000
0000000101000111
1111111110100111
1111111111101010
1111111100111101
1111111111011011
1111111011010101
0000000001011100
0000000001001001
0000000000000001
1111111111010101
1111111110001010
1111111110000111
0000000001111011
0000000000011110
1111111011110111
1111111110011001
0000000001010001
1111111110110100
0000000010100101
1111111111011010
0000000000000010
0000000010100011
0000000001100111
1111111100100111
1111111111100000
0000000001101100
0000000001111101
0000000000010010
1111111110111011
0000000001010000
0000000010000010
1111111001010001
0000000011000011
1111111111110000
1111111111111100
0000000001010001
0000000011100011
0000000010100011
0000000001101101
0000000001001111
0000000100111111
1111111101000000
0000000000101110
0000000101001000
0000000010111000
0000000001101101
0000000001010101
1111111111101011
1111111111100110
1111111111111100
0000000101001000
1111111110001110
0000000000001110
0000000110000010
1111111111111110
1111111111000101
0000000000101111
0000000010100010
0000000010011100
1111111101010100
1111111101100110
1111111101111101
0000000001000101
1111111010101011
1111111110110101
0000000110001101
0000000010101111
1111111111000011
0000000000101100
1111111001101010
1111111000010111
0000000001110010
1111111001111000
1111111110100101
1111111001001010
1111111111101110
1111111011100011
0000000000101001
0000000010001000
0000000010110111
0000000001001111
1111111100010000
0000000001000001
0000000010001011
1111111001111101
0000000000101010
1111111111000000
0000000000101010
0000000001011001
1111111111110110
0000000011010001
0000000010011011
0000000011011110
1111111101011010
1111111101110110
1111111110111111
1111111101110010
0000000000100101
0000000000110010
1111111111011100
1111111010110001
0000000000010010
0000000011001000
1111111110101011
1111111101110111
1111111101101100
1111111101000010
0000000011110100
0000000011011100
1111111111011010
0000000011111110
0000000001010010
1111111101110100
1111111011100011
0000000010011111
0000000010101010
0000000000101110
0000000011000000
0000000111110111
1111111101110000
0000000000001110
1111111111010010
0000000011001000
1111111100101111
0000000100011100
0000000001000110
0000000001001110
0000000001101001
1111111111110010
0000000110001001
1111111110100010
1111111110010110
1111111100100100
0000000010001111
1111111110100010
0000000101110011
1111110111000110
1111111101110001
0000000010110011
1111111110100000
1111111101110000
0000000100001011
1111111011100100
0000000010100100
0000000010110011
1111111110110011
1111111111110000
0000000000010000
1111111100001101
1111111011111000
0000000001110000
1111111111010110
0000000011011011
0000000000001011
1111111100111001
0000000011010101
0000000000001010
1111111101011100
1111111111111001
0000000010010010
1111111100101111
0000000001100111
0000000001001011
0000000101010111
0000000100001001
0000000110010001
0000000010111101
0000000010010000
0000000001000011
0000000000001001
1111111100100100
